# logA ns theta_MC_100 ombh2 omch2 tau A_planck calib_100T calib_217T A_cib_217 xi_sz_cib A_sz ksz_norm gal545_A_100 gal545_A_143 gal545_A_143_217 gal545_A_217 ps_A_100_100 ps_A_143_143 ps_A_143_217 ps_A_217_217 galf_TE_A_100 galf_TE_A_100_143 galf_TE_A_100_217 galf_TE_A_143 galf_TE_A_143_217 galf_TE_A_217
2.005460978122420982e-04 1.521485310721801871e-05 6.221984978857218126e-07 5.272727501153205239e-07 -4.830616576527176320e-06 9.433409409635411659e-05 1.057663528091075244e-05 9.955162075563109261e-08 7.405864704698132920e-09 -2.147308827996646623e-03 1.682146600507536903e-04 9.931492889705450036e-04 -3.030497587156115880e-03 -7.474341066902917059e-06 -8.207047469464929471e-04 -8.188344200739994033e-04 1.241490360144012527e-03 -1.326875735243866587e-02 -5.233535414501493122e-03 2.484137981117217394e-03 4.712769962004424371e-03 -8.647810618826444755e-06 -3.378546771089055636e-06 -1.347586346365267206e-05 -1.191240052665108127e-05 -1.592411357435229036e-05 -5.647051914445064692e-05
1.521485310721801871e-05 1.710472667379707451e-05 4.237450975732045279e-07 2.485638665691411756e-07 -3.429448001134595754e-06 1.148530696585515401e-05 7.939926315126883895e-07 -7.653563303415131961e-08 -6.166046119208748707e-08 -4.142160858201646666e-03 1.179942421744015131e-04 8.824939078498826540e-04 -2.055227801995483227e-03 2.338192890952962778e-04 -3.735565738544333048e-04 -5.297607548035562428e-04 8.587378350005033531e-04 -2.386513872439619335e-02 -7.175809800466371145e-03 1.225288031796688704e-03 3.872115271920635506e-03 -2.981665395799511555e-06 1.351648205612653012e-07 -2.311795035613995897e-06 -9.128166944750504501e-07 -5.514579474902095571e-06 -2.350576316865839502e-05
6.221984978857218126e-07 4.237450975732045279e-07 9.640725766434271414e-08 1.626114174345183695e-08 -1.217960815784384723e-07 3.668115395848623382e-07 3.806563305435852170e-08 -1.441233788711364197e-09 -1.916872783727482011e-09 -6.917649987821183845e-05 1.230388689851998099e-06 -6.540061603084837144e-06 4.862968456308229141e-06 -1.850878996443376615e-06 -7.891022366172048010e-06 -2.237075502015124204e-05 9.629684211544279552e-06 -1.421085206868574291e-04 -1.184748311779478300e-04 -5.917402823512550028e-05 3.289064637928444597e-05 2.053026126947628046e-07 -1.938624918758708458e-07 -2.204115591334277702e-07 -1.113545368975277621e-07 -5.407065513910218660e-07 -3.784997962956734504e-06
5.272727501153205239e-07 2.485638665691411756e-07 1.626114174345183695e-08 2.100151247114190529e-08 -9.375782119319152347e-08 3.138228244389898735e-07 2.016093630076498876e-08 1.606981559157895279e-09 -9.166522385090764127e-10 -9.019182054777118650e-05 2.488751818137701430e-06 1.595512434230508044e-05 -3.310249038572923906e-05 -1.536749891450448172e-06 -9.130544327049294398e-06 -1.817947838005808369e-05 6.343596210318178757e-06 -3.872191740038278466e-04 -2.020325253485000467e-04 -4.360304554402403285e-05 2.661032565141651911e-05 -3.442676876192532664e-08 -1.245482765138298594e-07 -1.462663349059669999e-07 -2.663828515085786978e-07 -5.456047920432638299e-07 -2.435685230870776792e-06
-4.830616576527175473e-06 -3.429448001134595754e-06 -1.217960815784384723e-07 -9.375782119319149700e-08 1.442343314687152872e-06 -3.798905833846979631e-06 -2.833671919286508221e-07 2.966774855117920696e-09 -2.384172105278883341e-09 2.325981693485857846e-04 -1.019093914972804318e-05 -6.663382879431422191e-05 7.950936714220213869e-05 1.640035498458766288e-05 3.834584080921381804e-05 9.557329478042651024e-05 4.081105306011202860e-05 1.952616784598215508e-03 1.023131216104847599e-03 3.364826753913215183e-04 1.754716954298038455e-04 5.948931035972260782e-07 4.407072966693229123e-07 3.296350189930170870e-06 1.808452209395244728e-06 3.684122792792329549e-06 1.829954802137351560e-05
9.433409409635411659e-05 1.148530696585515401e-05 3.668115395848623382e-07 3.138228244389898735e-07 -3.798905833846979631e-06 5.278441157196783295e-05 -8.454343805647775088e-07 -3.878224805290223261e-08 1.524231649073784203e-08 -1.157823579370156983e-03 7.315922463664798273e-05 6.048334340469141207e-04 -1.162261720664375117e-03 1.319399438587885969e-04 -1.575601997232483860e-04 -2.207355581436928373e-04 -1.765755371019835714e-04 -1.043779192832803605e-02 -4.469468432844336640e-03 -5.260971241221153649e-04 -7.419347412632450959e-04 -6.128351601501574515e-06 -8.474427949164343212e-07 -4.620281597613102452e-06 -5.807752889032019751e-06 -1.329952866994325591e-05 -5.566550509386673898e-05
1.057663528091075244e-05 7.939926315126883895e-07 3.806563305435852170e-08 2.016093630076498876e-08 -2.833671919286508221e-07 -8.454343805647775088e-07 6.408643877562516023e-06 1.789544011178421561e-08 -3.453647331729124867e-10 7.209526778106983749e-04 -1.234299683658449316e-06 -1.723512117404023692e-05 -5.985394491534341686e-05 7.698469845556417480e-06 -2.528780571342862347e-05 -8.203804563895184920e-05 7.023724563976201530e-04 3.785476365176466615e-03 6.135862712747847027e-04 5.283506672115904695e-04 1.217151480659316252e-03 1.033409720294097705e-06 -9.322641666253172914e-07 -4.417622705923522934e-06 -1.579645743265384002e-06 2.456203058925763984e-06 1.255072235048179143e-05
9.955162075563109261e-08 -7.653563303415131961e-08 -1.441233788711364197e-09 1.606981559157895279e-09 2.966774855117920283e-09 -3.878224805290223261e-08 1.789544011178421561e-08 3.740810466534993203e-07 -7.402640750706133297e-09 -1.750130928652214124e-04 6.398092650470896966e-06 8.975578549976841690e-05 -8.146853747369163805e-05 1.782135760478305124e-04 -1.864181598854327095e-04 -4.415764214067693992e-05 1.261095794277434582e-05 3.877445663636330548e-03 1.660637646666099105e-04 4.944993073040980991e-04 4.708462472468772936e-04 -4.390795126685131451e-07 -5.369701437613462598e-07 -1.251266171154932266e-06 -1.128693227135812055e-07 -7.264434999866533838e-07 -2.435592622362491292e-06
7.405864704698132920e-09 -6.166046119208748707e-08 -1.916872783727482011e-09 -9.166522385090764127e-10 -2.384172105278883341e-09 1.524231649073785527e-08 -3.453647331729124867e-10 -7.402640750706133297e-09 3.866435990841547407e-07 7.822384094765660314e-04 -5.331025159737285186e-06 -4.671045867689338076e-05 1.595176065426813261e-05 -4.899332318475844014e-06 -5.318186733396961029e-05 3.689440520732861772e-04 8.588285236631826519e-04 4.998027128941565046e-04 1.056376888851132011e-05 -5.070844145412386691e-04 -1.490779977229023416e-03 -9.555470064485914764e-08 -9.518997017186433934e-08 -9.130714477102520197e-07 -2.107882849695355629e-08 -3.615301600940318606e-07 -3.596800856449883076e-06
-2.147308827996646623e-03 -4.142160858201646666e-03 -6.917649987821183845e-05 -9.019182054777117295e-05 2.325981693485857846e-04 -1.157823579370156983e-03 7.209526778106983749e-04 -1.750130928652214124e-04 7.822384094765660314e-04 4.520232858288822086e+01 -4.325999661084537484e-01 -7.301958566602759770e-01 -2.657214674285836020e-01 2.256462362426369661e-01 5.496021560587673882e-01 -5.677453165107551492e+00 -3.320622803153955971e+01 3.540595394549606567e+01 5.767804250044731296e-01 -1.457740236037805204e+01 -5.637755044787088110e+01 4.124079212435304703e-03 2.242726583604741798e-03 -4.910294206473730418e-03 9.671513462111094471e-04 9.488942626185047817e-04 -4.749764678840437925e-03
1.682146600507536903e-04 1.179942421744015402e-04 1.230388689851998523e-06 2.488751818137701430e-06 -1.019093914972804488e-05 7.315922463664798273e-05 -1.234299683658451434e-06 6.398092650470896966e-06 -5.331025159737285186e-06 -4.325999661084538039e-01 8.157635083413024291e-02 -3.594793109274973392e-02 4.630717679961831451e-02 -7.565654123405585879e-03 -1.447625704637546572e-03 1.011125518397079370e-01 1.519333554699547617e-01 -7.069253839290912111e-01 8.843476921326589579e-01 1.688665478449030477e+00 6.734719697871891508e-01 -1.849108862778939461e-04 -2.908529871524887390e-04 -2.744228885483590455e-04 -1.044036576821976391e-04 -1.205607556447776913e-04 -4.067435574230068602e-05
9.931492889705450036e-04 8.824939078498826540e-04 -6.540061603084835450e-06 1.595512434230508044e-05 -6.663382879431422191e-05 6.048334340469141207e-04 -1.723512117404023015e-05 8.975578549976841690e-05 -4.671045867689337398e-05 -7.301958566602758660e-01 -3.594793109274973392e-02 3.881777852572846133e+00 -2.744774096789282858e+00 -2.182557198207517590e-01 2.236245045275797871e-01 2.716143928246996353e+00 3.241176147932814722e+00 -3.030470240019278449e+01 -3.336979577918361084e+00 7.647718870209424757e+00 5.256275153694144997e+00 -7.531765829285276461e-04 1.406114561215034814e-04 -1.977042941665352934e-03 -1.977962503107440467e-03 -2.486069599706418245e-03 -9.485493651156985326e-03
-3.030497587156115880e-03 -2.055227801995483227e-03 4.862968456308229988e-06 -3.310249038572923906e-05 7.950936714220213869e-05 -1.162261720664375334e-03 -5.985394491534338975e-05 -8.146853747369165160e-05 1.595176065426813600e-05 -2.657214674285836020e-01 4.630717679961830063e-02 -2.744774096789282858e+00 5.861782038211766910e+00 1.165689210363655692e-01 -2.501335585134304984e-01 -2.152801296535853393e+00 -2.277189402356818881e+00 1.344015356785951809e+01 -4.712196980834919557e+00 -1.164304416918704632e+01 -9.179450221018655043e+00 1.671050258673374917e-03 -1.964770550704782148e-06 1.814630502674404074e-03 1.669370597576837504e-03 4.156578846503716264e-03 5.845368766851951822e-03
-7.474341066902932305e-06 2.338192890952961965e-04 -1.850878996443376615e-06 -1.536749891450447749e-06 1.640035498458766627e-05 1.319399438587885969e-04 7.698469845556424256e-06 1.782135760478305124e-04 -4.899332318475848249e-06 2.256462362426369106e-01 -7.565654123405586746e-03 -2.182557198207517590e-01 1.165689210363655692e-01 3.342373366705259308e+00 5.165233389158484512e-01 1.027812876636812617e-01 -4.756582684488265544e-02 -5.842962114069067070e+00 -2.176050966389349028e-01 -7.314196152900809267e-01 -5.722625110670924720e-01 -8.413708200278427517e-04 3.472694338924542314e-04 -2.693210137815638811e-03 1.474778606533189065e-03 -1.722912840303647683e-03 -6.946983126274688079e-03
-8.207047469464929471e-04 -3.735565738544333048e-04 -7.891022366172048010e-06 -9.130544327049294398e-06 3.834584080921382481e-05 -1.575601997232483860e-04 -2.528780571342861670e-05 -1.864181598854327095e-04 -5.318186733396961029e-05 5.496021560587673882e-01 -1.447625704637542452e-03 2.236245045275797594e-01 -2.501335585134304429e-01 5.165233389158484512e-01 3.153990703744161461e+00 2.727420592064396132e+00 2.682245728539678797e+00 4.992333780091351869e+00 -1.442598132725272375e+00 -7.774205029427466718e-01 -1.008497221263497945e+00 -4.128624716054950044e-04 -3.166764479535667657e-04 3.484331198269674025e-04 5.400411222546464040e-04 -1.203477138190117441e-03 -4.528678926369186612e-03
-8.188344200739991864e-04 -5.297607548035562428e-04 -2.237075502015124204e-05 -1.817947838005808369e-05 9.557329478042649669e-05 -2.207355581436927830e-04 -8.203804563895182209e-05 -4.415764214067693314e-05 3.689440520732861772e-04 -5.677453165107551492e+00 1.011125518397079370e-01 2.716143928246996353e+00 -2.152801296535853393e+00 1.027812876636812339e-01 2.727420592064396132e+00 1.075253922442062127e+01 1.895563914185203558e+01 -1.353189276810314112e+01 3.077945251212864886e+00 4.751443023947198085e+00 5.500862643982571853e+00 -4.063374555780592144e-04 2.867696658526016577e-04 -5.755512174322047203e-03 -9.668095158337309874e-04 -6.299480665093139080e-03 -1.565576316360237086e-02
1.241490360144012527e-03 8.587378350005033531e-04 9.629684211544279552e-06 6.343596210318179604e-06 4.081105306011205571e-05 -1.765755371019836256e-04 7.023724563976201530e-04 1.261095794277434582e-05 8.588285236631826519e-04 -3.320622803153955971e+01 1.519333554699547617e-01 3.241176147932814722e+00 -2.277189402356818881e+00 -4.756582684488264157e-02 2.682245728539678797e+00 1.895563914185203558e+01 5.273564081460111197e+01 -2.441702490535472236e+01 4.328964318783478760e+00 8.601570105166024049e+00 3.387746423735168122e+01 -1.569164058824199046e-03 5.497858515787721343e-04 -6.841121530247439193e-03 -1.379594222315838527e-03 -1.078779293727477953e-02 -2.556547673786714256e-02
-1.326875735243866587e-02 -2.386513872439619335e-02 -1.421085206868574291e-04 -3.872191740038278466e-04 1.952616784598215725e-03 -1.043779192832803432e-02 3.785476365176466615e-03 3.877445663636330548e-03 4.998027128941565046e-04 3.540595394549606567e+01 -7.069253839290908781e-01 -3.030470240019278449e+01 1.344015356785951809e+01 -5.842962114069067070e+00 4.992333780091350981e+00 -1.353189276810314112e+01 -2.441702490535472236e+01 7.738172772622839375e+02 6.776704099821057525e+01 -5.552948926674787344e+01 -5.966053024138935257e+01 5.185290297200244834e-03 -2.237396342901832799e-02 -8.242337370225357937e-03 4.591906521552973318e-03 3.644067474438387414e-03 2.736864654390794988e-02
-5.233535414501494856e-03 -7.175809800466371145e-03 -1.184748311779478300e-04 -2.020325253485000467e-04 1.023131216104847599e-03 -4.469468432844336640e-03 6.135862712747847027e-04 1.660637646666099376e-04 1.056376888851132011e-05 5.767804250044729075e-01 8.843476921326589579e-01 -3.336979577918361084e+00 -4.712196980834919557e+00 -2.176050966389348751e-01 -1.442598132725272375e+00 3.077945251212864886e+00 4.328964318783477871e+00 6.776704099821056104e+01 5.952553171335574689e+01 3.889617842167167794e+01 1.625160431055244459e+01 -4.127898858411638283e-03 -4.847380480072130578e-03 -1.039000795945987758e-02 -1.169949687649801673e-03 -5.283792353758882260e-03 -3.335814554914719090e-03
2.484137981117217394e-03 1.225288031796688487e-03 -5.917402823512551383e-05 -4.360304554402402608e-05 3.364826753913216268e-04 -5.260971241221152565e-04 5.283506672115904695e-04 4.944993073040980991e-04 -5.070844145412386691e-04 -1.457740236037805204e+01 1.688665478449030477e+00 7.647718870209424757e+00 -1.164304416918704632e+01 -7.314196152900809267e-01 -7.774205029427465607e-01 4.751443023947198085e+00 8.601570105166024049e+00 -5.552948926674785923e+01 3.889617842167167794e+01 8.448402579690696257e+01 5.507643194770869854e+01 -9.397631462546990333e-03 -7.521809992518139684e-03 -1.136078159171896237e-02 -5.831865197753583786e-03 -6.562904771627115982e-03 -8.963329265780509494e-03
4.712769962004424371e-03 3.872115271920635506e-03 3.289064637928444597e-05 2.661032565141651911e-05 1.754716954298038184e-04 -7.419347412632452043e-04 1.217151480659316252e-03 4.708462472468772394e-04 -1.490779977229023416e-03 -5.637755044787088110e+01 6.734719697871891508e-01 5.256275153694144997e+00 -9.179450221018655043e+00 -5.722625110670923609e-01 -1.008497221263497945e+00 5.500862643982571853e+00 3.387746423735168122e+01 -5.966053024138935257e+01 1.625160431055244459e+01 5.507643194770869854e+01 1.065229179285253025e+02 -9.341925943815825029e-03 -5.806457562376228163e-03 1.900663408127664829e-03 -2.849893124413600994e-03 -3.951712701305734425e-03 1.045506362146722198e-02
-8.647810618826446449e-06 -2.981665395799511555e-06 2.053026126947628046e-07 -3.442676876192535311e-08 5.948931035972257605e-07 -6.128351601501574515e-06 1.033409720294097281e-06 -4.390795126685131451e-07 -9.555470064485920058e-08 4.124079212435302969e-03 -1.849108862778939190e-04 -7.531765829285278629e-04 1.671050258673374917e-03 -8.413708200278426433e-04 -4.128624716054946249e-04 -4.063374555780589433e-04 -1.569164058824199480e-03 5.185290297200244834e-03 -4.127898858411639151e-03 -9.397631462546993802e-03 -9.341925943815825029e-03 1.496268378121445430e-03 2.628696365718905708e-04 9.693937747997655857e-05 -3.934249646960745082e-04 -6.986687126748139108e-05 9.750583856934670200e-05
-3.378546771089055212e-06 1.351648205612655129e-07 -1.938624918758708458e-07 -1.245482765138298594e-07 4.407072966693227006e-07 -8.474427949164335801e-07 -9.322641666253173973e-07 -5.369701437613462598e-07 -9.518997017186437904e-08 2.242726583604741364e-03 -2.908529871524888474e-04 1.406114561215033730e-04 -1.964770550704720315e-06 3.472694338924539603e-04 -3.166764479535667657e-04 2.867696658526014950e-04 5.497858515787719174e-04 -2.237396342901832452e-02 -4.847380480072132312e-03 -7.521809992518139684e-03 -5.806457562376228163e-03 2.628696365718905708e-04 8.689780004937982128e-04 -5.148742494234104369e-06 7.117975790076799250e-04 6.211904869853116212e-05 -5.798156634379585594e-04
-1.347586346365266867e-05 -2.311795035613995050e-06 -2.204115591334277966e-07 -1.462663349059670263e-07 3.296350189930170870e-06 -4.620281597613101605e-06 -4.417622705923523781e-06 -1.251266171154932266e-06 -9.130714477102521256e-07 -4.910294206473729550e-03 -2.744228885483589913e-04 -1.977042941665353368e-03 1.814630502674404507e-03 -2.693210137815638811e-03 3.484331198269671856e-04 -5.755512174322047203e-03 -6.841121530247436591e-03 -8.242337370225361406e-03 -1.039000795945987758e-02 -1.136078159171896411e-02 1.900663408127667865e-03 9.693937747997654502e-05 -5.148742494234097593e-06 7.261125554578892576e-03 -3.212910129361928858e-04 7.819039505605559657e-04 4.610309913388063036e-03
-1.191240052665108127e-05 -9.128166944750508736e-07 -1.113545368975277621e-07 -2.663828515085786978e-07 1.808452209395244728e-06 -5.807752889032019751e-06 -1.579645743265384002e-06 -1.128693227135811923e-07 -2.107882849695351989e-08 9.671513462111104228e-04 -1.044036576821976255e-04 -1.977962503107440467e-03 1.669370597576837504e-03 1.474778606533189932e-03 5.400411222546462955e-04 -9.668095158337305537e-04 -1.379594222315837660e-03 4.591906521552971583e-03 -1.169949687649801022e-03 -5.831865197753585521e-03 -2.849893124413601427e-03 -3.934249646960745082e-04 7.117975790076799250e-04 -3.212910129361928858e-04 2.829923304963577208e-03 5.511052550538375096e-04 -7.452681985698887158e-04
-1.592411357435229036e-05 -5.514579474902095571e-06 -5.407065513910218660e-07 -5.456047920432638299e-07 3.684122792792329972e-06 -1.329952866994325591e-05 2.456203058925763984e-06 -7.264434999866533838e-07 -3.615301600940319665e-07 9.488942626185043481e-04 -1.205607556447776642e-04 -2.486069599706418245e-03 4.156578846503715396e-03 -1.722912840303648333e-03 -1.203477138190117875e-03 -6.299480665093138212e-03 -1.078779293727478127e-02 3.644067474438387414e-03 -5.283792353758883127e-03 -6.562904771627118584e-03 -3.951712701305736160e-03 -6.986687126748137753e-05 6.211904869853116212e-05 7.819039505605559657e-04 5.511052550538375096e-04 6.528503986961182656e-03 8.128290196233907416e-03
-5.647051914445064692e-05 -2.350576316865839502e-05 -3.784997962956734080e-06 -2.435685230870776792e-06 1.829954802137352237e-05 -5.566550509386674575e-05 1.255072235048179143e-05 -2.435592622362491292e-06 -3.596800856449883076e-06 -4.749764678840430986e-03 -4.067435574230059115e-05 -9.485493651156983591e-03 5.845368766851950955e-03 -6.946983126274689814e-03 -4.528678926369186612e-03 -1.565576316360237086e-02 -2.556547673786714256e-02 2.736864654390793253e-02 -3.335814554914720391e-03 -8.963329265780507760e-03 1.045506362146722719e-02 9.750583856934670200e-05 -5.798156634379585594e-04 4.610309913388063036e-03 -7.452681985698887158e-04 8.128290196233907416e-03 7.337801299465468441e-02
