# logA ns theta_MC_100 ombh2 omch2 tau A_planck calib_100T calib_217T A_cib_217 xi_sz_cib A_sz ksz_norm gal545_A_100 gal545_A_143 gal545_A_143_217 gal545_A_217 ps_A_100_100 ps_A_143_143 ps_A_143_217 ps_A_217_217 galf_TE_A_100 galf_TE_A_100_143 galf_TE_A_100_217 galf_TE_A_143 galf_TE_A_143_217 galf_TE_A_217
2.096127324075633337e-04 1.044105126110557333e-05 5.431599249586433455e-07 4.444133771806656838e-07 -3.079930219328010940e-06 9.796225762211409316e-05 9.480500495927666996e-06 2.033598350393799642e-07 -3.446308340775739813e-08 -2.501931265091505378e-03 1.243250527058597230e-04 3.088893312991395062e-04 -1.796183094198567590e-03 -3.506932169847860534e-04 -1.218962889203536624e-03 -1.243440063640511434e-03 8.239446522914893340e-04 -5.667684137462648993e-03 -4.251328969599584180e-03 2.375535530339046620e-04 3.852596021872595547e-03 -2.666951872716204000e-06 -3.489752870224669090e-07 8.619605358615338710e-06 -1.451834826244353729e-05 -8.670978660502990778e-06 -3.599978597895115215e-05
1.044105126110557333e-05 1.397933875484702184e-05 2.603699426702759080e-07 1.537941394323655677e-07 -2.186128072973477069e-06 8.230896721748609104e-06 3.331836627074627946e-07 -7.422534542639708582e-08 -8.424821608999914698e-08 -4.356049498894286852e-03 9.970101248214796466e-05 7.532404678668802936e-04 -1.821718870843552817e-03 1.191603964878157687e-04 -4.165032624392411083e-04 -5.688351222274201993e-04 9.250929429366411749e-04 -2.053086114547244059e-02 -5.766350083600712238e-03 1.695859324210034552e-03 4.718152848369174153e-03 -2.710532573235024143e-07 1.156706075457089037e-06 4.657906629708965013e-06 -5.178093106280023380e-08 4.259669612728140380e-06 -2.460976121949077034e-06
5.431599249586433455e-07 2.603699426702759080e-07 8.791343893416612983e-08 1.134005001319226388e-08 -5.974310262843713667e-08 2.745651923471984135e-07 2.384555318176604790e-08 3.767480659604145216e-09 2.069151422473431903e-09 9.129454779070656073e-06 1.310322297469379566e-06 1.183143878512386026e-05 -1.060307592567348350e-05 1.227755984448799051e-06 -1.309327537960548140e-05 -2.762144070467439556e-06 -9.407132621172193925e-06 -1.241635553997308145e-04 -8.989677260375588571e-06 3.828423778497990615e-05 -1.283039355718644237e-05 -2.002616662020258841e-07 -1.781741348722159590e-08 -4.432658160567402368e-07 -7.142539240482226976e-08 -3.238435522336093450e-07 -2.046366872144665295e-06
4.444133771806656838e-07 1.537941394323655677e-07 1.134005001319226388e-08 1.827149100582754661e-08 -5.612200476681641169e-08 2.292132748218728829e-07 1.807365400696219968e-08 2.848783041073722680e-09 -1.691487016786717524e-09 -7.448401625135578450e-05 2.193889285858859499e-06 1.385107545472898910e-05 -2.643899988222037239e-05 -2.874850664670837353e-06 -1.003072585803350348e-05 -1.374761473253554501e-05 7.110968551950078032e-06 -3.292198551327290114e-04 -1.794598389206102573e-04 -4.208078187223622969e-05 9.112769086999318572e-06 -9.558830023960191549e-08 -1.093429223866487526e-07 1.107804926837610482e-07 -1.629639270974292526e-07 -2.997567828781317673e-07 -1.379588186489210038e-06
-3.079930219328010940e-06 -2.186128072973477069e-06 -5.974310262843713667e-08 -5.612200476681641169e-08 9.288005674310051424e-07 -2.450391554648844112e-06 -1.840326530058564945e-07 -6.431670649543965589e-09 1.218817032325088338e-08 1.796166938547179401e-04 -6.479717783374139331e-06 -1.642449294597594307e-05 3.391158505215657686e-05 1.401901512123269017e-05 2.825300780083276624e-05 5.980890386346816889e-05 3.258229752479477998e-05 6.210298189832380448e-04 4.885796615027349120e-04 2.069952292227326116e-04 6.115335390426129966e-05 -2.467400953706011128e-08 -4.663333366527730864e-07 -5.549277863949268575e-07 3.448535814044338678e-07 3.163385224681840921e-07 6.289631477271283091e-06
9.796225762211409316e-05 8.230896721748609104e-06 2.745651923471984135e-07 2.292132748218728829e-07 -2.450391554648844112e-06 5.328295305479435404e-05 -1.080185404302524849e-06 3.629140035728212911e-08 -1.634762361320000362e-08 -1.708249296390246339e-03 4.262374217287767431e-05 1.647759298653140680e-04 -5.544692494902248459e-04 -9.543516310865387240e-05 -3.564492205422808914e-04 -4.456231722581319383e-04 1.392788145769430619e-05 -5.105477680255316245e-03 -3.453107048186623059e-03 -1.215379392870582576e-03 -3.694384023400510146e-04 -4.319886652323210194e-06 -9.288499129125723409e-07 2.919375007132032134e-06 -6.670267598079935235e-06 -7.423949207529633255e-06 -3.747468360990910505e-05
9.480500495927666996e-06 3.331836627074627946e-07 2.384555318176604790e-08 1.807365400696219968e-08 -1.840326530058564680e-07 -1.080185404302524849e-06 6.017270887151099590e-06 -2.582034125628224751e-09 -3.250035375787558922e-09 9.133389537739661397e-04 -1.213391484237372875e-08 -5.379295469494069953e-06 3.485533404919389600e-05 4.111062049887269246e-05 2.978352440675505806e-06 2.473646507358092576e-05 5.514959444635643675e-04 3.748843530746579032e-03 6.061043434993237077e-04 6.819905550367506310e-05 7.738330096246516911e-04 3.272950564560867601e-06 1.939956944582758397e-06 1.506876437674385924e-06 -4.074760227969480106e-07 3.146846836180003979e-06 1.621876295989142471e-05
2.033598350393799642e-07 -7.422534542639708582e-08 3.767480659604145216e-09 2.848783041073722680e-09 -6.431670649543965589e-09 3.629140035728212911e-08 -2.582034125628224751e-09 3.744455414936262304e-07 6.056434523891528076e-09 -2.164067395969649851e-04 5.922973078247001418e-06 9.886777502655893547e-05 -7.731577111582718491e-05 1.825463435447120298e-04 -1.758693501964029562e-04 -3.246791901772846727e-05 6.930344715044855532e-05 3.811557877923702192e-03 9.754008941961760267e-05 4.831824765905849456e-04 5.030365908117978135e-04 4.349374589767735059e-07 -5.261434482233488361e-08 8.987179777929757914e-07 -3.512985950062118894e-07 2.512350763450984252e-07 1.428548249098777983e-06
-3.446308340775739813e-08 -8.424821608999914698e-08 2.069151422473431903e-09 -1.691487016786717524e-09 1.218817032325088338e-08 -1.634762361320000362e-08 -3.250035375787558922e-09 6.056434523891528076e-09 3.868471670848128730e-07 7.513403949817620050e-04 -1.914266290611552643e-06 -4.914982663898251862e-05 2.058641921882691168e-05 -8.573355467803057825e-06 -4.990447479571323883e-05 4.036365922352165114e-04 9.240282778882946474e-04 8.539384312862411449e-04 1.257335243551819116e-04 -4.289603996313661794e-04 -1.447506922155259368e-03 1.736412940544143964e-08 1.160725695932946406e-07 -8.553357314033611200e-07 3.162733670860934317e-07 -5.571712101537813735e-07 1.007958503733732818e-06
-2.501931265091505378e-03 -4.356049498894286852e-03 9.129454779070656073e-06 -7.448401625135578450e-05 1.796166938547179401e-04 -1.708249296390246339e-03 9.133389537739661397e-04 -2.164067395969649851e-04 7.513403949817618966e-04 4.424116513809195084e+01 -4.076015150507076301e-01 -1.069342781114992702e+00 -1.981411181132168575e-01 1.851435695430384276e-01 3.120688498047158865e-01 -6.130040840713959938e+00 -3.324586061031833140e+01 3.466421246331116635e+01 1.720411123950178700e+00 -1.403722000779201906e+01 -5.493813480621142986e+01 -4.600298456423812868e-03 1.140401326643875448e-03 -7.632774356553396339e-05 2.201644309139951048e-03 -8.712697831886351621e-03 1.776293292538370580e-02
1.243250527058597501e-04 9.970101248214795111e-05 1.310322297469379778e-06 2.193889285858859076e-06 -6.479717783374139331e-06 4.262374217287766075e-05 -1.213391484237130511e-08 5.922973078247002265e-06 -1.914266290611552643e-06 -4.076015150507075746e-01 8.142086128745922025e-02 -4.359467981546336773e-02 3.828052697903833179e-02 -5.942005589413840855e-03 1.243599143610053109e-02 1.196903429998013996e-01 1.702875685163196817e-01 -4.838841360172241868e-01 9.380212530292622031e-01 1.710003582890661011e+00 6.412252510430459518e-01 7.380393295122756865e-05 6.294312975250164087e-05 1.282122113328253968e-04 2.189843104977628931e-04 2.032569198653977132e-04 6.721814584969790923e-04
3.088893312991393978e-04 7.532404678668802936e-04 1.183143878512386364e-05 1.385107545472898910e-05 -1.642449294597594307e-05 1.647759298653140951e-04 -5.379295469494073341e-06 9.886777502655892192e-05 -4.914982663898252540e-05 -1.069342781114992702e+00 -4.359467981546336079e-02 3.833039132659227022e+00 -2.632594634282485746e+00 -2.352444818655389236e-01 1.613711840847379397e-01 2.637895265025409497e+00 3.343673056635778185e+00 -3.083024488997422452e+01 -3.327037619354752174e+00 7.506417002287840923e+00 5.583118227909211306e+00 -1.267595988977511696e-03 -1.199683067609140508e-03 4.016724785494492529e-03 -4.062947097623267889e-04 -1.021287004718020037e-04 3.930708863241981141e-03
-1.796183094198567590e-03 -1.821718870843552817e-03 -1.060307592567347842e-05 -2.643899988222037239e-05 3.391158505215657686e-05 -5.544692494902249543e-04 3.485533404919386889e-05 -7.731577111582719846e-05 2.058641921882690829e-05 -1.981411181132168298e-01 3.828052697903833179e-02 -2.632594634282485746e+00 5.679951984332372916e+00 1.209124013948782994e-01 -1.786255647630609067e-01 -1.964647833213401418e+00 -2.050107736138735426e+00 1.334530152038575679e+01 -5.119609952546841036e+00 -1.178209115954904718e+01 -9.123213079372938239e+00 1.272006512843634101e-03 1.703672833039287116e-03 -6.949629777715104692e-03 1.836663894926396107e-03 -2.978677763451015835e-03 -1.861490850321617305e-02
-3.506932169847860534e-04 1.191603964878157823e-04 1.227755984448798628e-06 -2.874850664670836506e-06 1.401901512123268679e-05 -9.543516310865387240e-05 4.111062049887268568e-05 1.825463435447120298e-04 -8.573355467803057825e-06 1.851435695430383721e-01 -5.942005589413840855e-03 -2.352444818655389791e-01 1.209124013948782994e-01 3.374149635334783071e+00 5.295230746395673815e-01 1.474239336687678814e-01 1.408280077516765316e-01 -5.956891229938311660e+00 -2.548435700104040302e-01 -8.199569536810822346e-01 -6.043292063376239920e-01 -5.848147673053359294e-04 2.240518124860807340e-04 3.559509220395766938e-03 -8.391865654839641368e-04 3.644780370355461818e-04 -4.436007170652060683e-03
-1.218962889203536841e-03 -4.165032624392411083e-04 -1.309327537960548140e-05 -1.003072585803350517e-05 2.825300780083276624e-05 -3.564492205422808914e-04 2.978352440675494794e-06 -1.758693501964029562e-04 -4.990447479571323883e-05 3.120688498047158310e-01 1.243599143610053109e-02 1.613711840847379675e-01 -1.786255647630608789e-01 5.295230746395673815e-01 3.183417005880786910e+00 2.782899367014673331e+00 2.904046486001223837e+00 5.302654808960467037e+00 -1.361979488001601846e+00 -6.823988984632322063e-01 -9.188352593792015188e-01 3.555911513249773606e-05 -5.543248508685850355e-04 -4.651926681038492223e-04 -1.226447158887096923e-03 -6.943453310949768142e-04 2.805752608901692854e-03
-1.243440063640511434e-03 -5.688351222274201993e-04 -2.762144070467438285e-06 -1.374761473253554671e-05 5.980890386346816889e-05 -4.456231722581319383e-04 2.473646507358092576e-05 -3.246791901772846050e-05 4.036365922352165114e-04 -6.130040840713959938e+00 1.196903429998013996e-01 2.637895265025409941e+00 -1.964647833213401418e+00 1.474239336687678814e-01 2.782899367014673331e+00 1.089142109191550745e+01 1.953855399992762543e+01 -1.255439780880966794e+01 3.301139554278276655e+00 5.074960476771041229e+00 5.828922920030917609e+00 -1.348350828846840938e-04 -9.654751706165182364e-04 1.139170353884274862e-03 -1.814411314257348808e-03 -3.011249831832429891e-04 2.202794797929420734e-02
8.239446522914893340e-04 9.250929429366411749e-04 -9.407132621172193925e-06 7.110968551950078032e-06 3.258229752479477998e-05 1.392788145769437395e-05 5.514959444635644760e-04 6.930344715044854176e-05 9.240282778882946474e-04 -3.324586061031833140e+01 1.702875685163196817e-01 3.343673056635778185e+00 -2.050107736138735426e+00 1.408280077516764761e-01 2.904046486001223837e+00 1.953855399992762543e+01 5.378183459262483268e+01 -2.255566072892325025e+01 3.979278457624702448e+00 8.582263620616958022e+00 3.318406662859706557e+01 3.749283721088134038e-03 -7.167255073359157704e-04 -3.099436531982140315e-03 -3.502030605628357520e-03 1.327585828716932150e-03 1.979414254349700850e-02
-5.667684137462648993e-03 -2.053086114547244059e-02 -1.241635553997308145e-04 -3.292198551327290114e-04 6.210298189832380448e-04 -5.105477680255316245e-03 3.748843530746579032e-03 3.811557877923702192e-03 8.539384312862411449e-04 3.466421246331117345e+01 -4.838841360172241868e-01 -3.083024488997422452e+01 1.334530152038575679e+01 -5.956891229938312549e+00 5.302654808960467037e+00 -1.255439780880966794e+01 -2.255566072892325025e+01 7.877159078609093967e+02 7.049220767364413121e+01 -5.276407743667505201e+01 -5.901629650319705434e+01 2.332677463271520119e-02 1.118789352410123200e-02 -7.777738193284025256e-03 -6.743064460351738502e-03 -7.598537250471476719e-03 5.735256414078745285e-02
-4.251328969599585048e-03 -5.766350083600712238e-03 -8.989677260375583489e-06 -1.794598389206102573e-04 4.885796615027349120e-04 -3.453107048186623059e-03 6.061043434993235992e-04 9.754008941961757556e-05 1.257335243551819116e-04 1.720411123950178700e+00 9.380212530292622031e-01 -3.327037619354752174e+00 -5.119609952546841036e+00 -2.548435700104040302e-01 -1.361979488001601846e+00 3.301139554278276655e+00 3.979278457624702448e+00 7.049220767364413121e+01 6.126844744216023742e+01 4.036667338189220544e+01 1.482684203898297248e+01 -4.832314697007518667e-05 1.044684704896383168e-03 3.660782021139646469e-03 4.920537463687275209e-03 8.374674948340526254e-03 5.785451352577786893e-02
2.375535530339046620e-04 1.695859324210034335e-03 3.828423778497991293e-05 -4.208078187223624324e-05 2.069952292227326116e-04 -1.215379392870582359e-03 6.819905550367495468e-05 4.831824765905849456e-04 -4.289603996313662336e-04 -1.403722000779201906e+01 1.710003582890661011e+00 7.506417002287839146e+00 -1.178209115954904718e+01 -8.199569536810822346e-01 -6.823988984632322063e-01 5.074960476771041229e+00 8.582263620616958022e+00 -5.276407743667505201e+01 4.036667338189219834e+01 8.517681992170517447e+01 5.361298058840656466e+01 -9.942905338404051455e-04 -1.757505299160726057e-03 1.481746411149822799e-02 6.595989658509598431e-03 1.127004535397485921e-02 4.566411847828141107e-02
3.852596021872595547e-03 4.718152848369175888e-03 -1.283039355718643898e-05 9.112769086999320266e-06 6.115335390426132676e-05 -3.694384023400507978e-04 7.738330096246516911e-04 5.030365908117978135e-04 -1.447506922155259368e-03 -5.493813480621143697e+01 6.412252510430459518e-01 5.583118227909211306e+00 -9.123213079372938239e+00 -6.043292063376239920e-01 -9.188352593792015188e-01 5.828922920030917609e+00 3.318406662859706557e+01 -5.901629650319705434e+01 1.482684203898297071e+01 5.361298058840656466e+01 1.037122109827905518e+02 5.771475252792656468e-03 -3.286062460471928567e-03 1.288272553927161286e-02 -4.220250558327604679e-03 1.803176650179141166e-02 7.859924703136778740e-03
-2.666951872716206965e-06 -2.710532573235022025e-07 -2.002616662020258841e-07 -9.558830023960191549e-08 -2.467400953706009805e-08 -4.319886652323207653e-06 3.272950564560868448e-06 4.349374589767735059e-07 1.736412940544143964e-08 -4.600298456423812868e-03 7.380393295122762286e-05 -1.267595988977511480e-03 1.272006512843634101e-03 -5.848147673053359294e-04 3.555911513249791225e-05 -1.348350828846837685e-04 3.749283721088134038e-03 2.332677463271520119e-02 -4.832314697007576265e-05 -9.942905338404042781e-04 5.771475252792656468e-03 1.450383644914387919e-03 2.711401356342383337e-04 8.226387877143941400e-05 -3.817182722589310779e-04 -5.587174784782294199e-05 2.019393966814738141e-05
-3.489752870224658502e-07 1.156706075457089037e-06 -1.781741348722157935e-08 -1.093429223866487526e-07 -4.663333366527729806e-07 -9.288499129125723409e-07 1.939956944582758397e-06 -5.261434482233490347e-08 1.160725695932946936e-07 1.140401326643875014e-03 6.294312975250160021e-05 -1.199683067609140941e-03 1.703672833039286683e-03 2.240518124860808153e-04 -5.543248508685850355e-04 -9.654751706165185616e-04 -7.167255073359157704e-04 1.118789352410123200e-02 1.044684704896382734e-03 -1.757505299160726057e-03 -3.286062460471929434e-03 2.711401356342383337e-04 8.846369663604921208e-04 4.842288546881888474e-05 7.417457915741639983e-04 5.889565195033548482e-05 -6.312574047373253373e-04
8.619605358615338710e-06 4.657906629708966707e-06 -4.432658160567402898e-07 1.107804926837610217e-07 -5.549277863949266457e-07 2.919375007132032981e-06 1.506876437674386136e-06 8.987179777929755796e-07 -8.553357314033609082e-07 -7.632774356553413957e-05 1.282122113328252612e-04 4.016724785494492529e-03 -6.949629777715104692e-03 3.559509220395767806e-03 -4.651926681038492223e-04 1.139170353884274862e-03 -3.099436531982139881e-03 -7.777738193284022654e-03 3.660782021139647336e-03 1.481746411149822452e-02 1.288272553927161286e-02 8.226387877143938689e-05 4.842288546881889151e-05 7.178993466015301701e-03 -2.423413290760224566e-04 6.488501443727336809e-04 4.732945601701754948e-03
-1.451834826244353729e-05 -5.178093106280023380e-08 -7.142539240482229622e-08 -1.629639270974292526e-07 3.448535814044336560e-07 -6.670267598079935235e-06 -4.074760227969476400e-07 -3.512985950062119953e-07 3.162733670860934846e-07 2.201644309139951482e-03 2.189843104977628931e-04 -4.062947097623265179e-04 1.836663894926396107e-03 -8.391865654839641368e-04 -1.226447158887097140e-03 -1.814411314257348374e-03 -3.502030605628357954e-03 -6.743064460351731564e-03 4.920537463687276077e-03 6.595989658509596697e-03 -4.220250558327604679e-03 -3.817182722589310779e-04 7.417457915741639983e-04 -2.423413290760224566e-04 2.921932439153315190e-03 5.255859498892368918e-04 -9.726932312858823249e-04
-8.670978660502990778e-06 4.259669612728140380e-06 -3.238435522336093980e-07 -2.997567828781318202e-07 3.163385224681841451e-07 -7.423949207529633255e-06 3.146846836180003979e-06 2.512350763450984252e-07 -5.571712101537813735e-07 -8.712697831886353356e-03 2.032569198653977132e-04 -1.021287004718022748e-04 -2.978677763451015835e-03 3.644780370355461818e-04 -6.943453310949768142e-04 -3.011249831832427180e-04 1.327585828716931933e-03 -7.598537250471476719e-03 8.374674948340527988e-03 1.127004535397485921e-02 1.803176650179141166e-02 -5.587174784782292843e-05 5.889565195033548482e-05 6.488501443727336809e-04 5.255859498892368918e-04 6.392009221932954365e-03 8.003188113129744777e-03
-3.599978597895114537e-05 -2.460976121949077034e-06 -2.046366872144665295e-06 -1.379588186489210461e-06 6.289631477271284785e-06 -3.747468360990911183e-05 1.621876295989142471e-05 1.428548249098777559e-06 1.007958503733732394e-06 1.776293292538370233e-02 6.721814584969789839e-04 3.930708863241982008e-03 -1.861490850321617305e-02 -4.436007170652060683e-03 2.805752608901692854e-03 2.202794797929421081e-02 1.979414254349700850e-02 5.735256414078745285e-02 5.785451352577786893e-02 4.566411847828141107e-02 7.859924703136782209e-03 2.019393966814735770e-05 -6.312574047373253373e-04 4.732945601701754948e-03 -9.726932312858821081e-04 8.003188113129744777e-03 7.187640350428990688e-02
