# logA ns theta_MC_100 ombh2 omch2 mnu tau A_planck calib_100T calib_217T A_cib_217 xi_sz_cib A_sz ksz_norm gal545_A_100 gal545_A_143 gal545_A_143_217 gal545_A_217 ps_A_100_100 ps_A_143_143 ps_A_143_217 ps_A_217_217 galf_TE_A_100 galf_TE_A_100_143 galf_TE_A_100_217 galf_TE_A_143 galf_TE_A_143_217 galf_TE_A_217
2.182380730253608437e-04 1.119642418112940928e-05 4.776294184766559086e-07 3.947529420584928553e-07 -3.382181209282804303e-06 3.000943830034314775e-04 1.030253601661783997e-04 9.314304222916050232e-06 -4.267437008842773928e-08 -2.024447251458968184e-08 -2.341726697830214757e-03 9.194961542385767786e-05 7.350920855645826698e-04 -2.069105258875500800e-03 -7.878868556567983296e-05 -5.787924495545951125e-04 -5.974786892350861332e-04 1.745974616681177441e-03 -1.365084347537457929e-02 -6.142534932482726293e-03 8.898184357011402167e-04 3.979141835641139893e-03 1.278753779165123995e-05 1.106167510554104792e-06 7.823943070973767206e-06 -1.425043304371446263e-05 -1.928774929294623203e-05 5.520153937794102899e-05
1.119642418112940928e-05 1.883592359710583030e-05 5.309688578799673672e-07 3.162164813369648490e-07 -4.112906636659837793e-06 -1.107721774490563873e-04 1.035162809048088873e-05 6.280433267506661138e-07 -6.814161342769154008e-08 -1.012317482304166275e-07 -4.275875557275995477e-03 9.285154391730401479e-05 9.434243760186132718e-04 -2.288090359559410460e-03 3.182057054854401474e-04 -3.646119951604192763e-04 -4.044923063344764511e-04 1.142068854055143219e-03 -2.237275025745195586e-02 -7.329096401364977934e-03 8.140772477325386577e-04 3.882754736869752261e-03 -1.972252693284792776e-06 -1.669402354284540094e-06 5.710370975035343988e-06 -5.276301232599807760e-06 -4.545929191697770151e-06 -3.084239430581922452e-05
4.776294184766559086e-07 5.309688578799673672e-07 1.026982984882890102e-07 2.033572768036320389e-08 -1.640728171088448330e-07 -8.017040777103332587e-06 3.610948147199420116e-07 1.257517899157085511e-08 8.323510726252073264e-10 -2.254839204875089230e-09 -5.448836278685156230e-05 2.985957561530420162e-07 1.380193854007449314e-06 -1.280982017318231194e-05 -2.046042641801742487e-06 -1.419002892827107764e-06 -1.006719909843996485e-05 6.297833771711659164e-06 -7.816834759279730604e-05 -1.565386185330616675e-04 -1.180699616601754660e-04 -2.712532072179345158e-05 -5.435333131484421116e-08 -8.186303661978873276e-08 -1.981567858351908243e-07 -4.091818822359469696e-07 -7.250027265921261993e-07 -2.060437914475995561e-06
3.947529420584928553e-07 3.162164813369648490e-07 2.033572768036320389e-08 2.427453264402399204e-08 -1.216406645763236749e-07 -3.986126990082681123e-06 2.741666948564435868e-07 1.713939793584309079e-08 2.344398994077560503e-09 -2.625609521649434047e-09 -8.572299268090583608e-05 2.118821660807145904e-06 1.887127342933533878e-05 -4.166243959016245000e-05 8.056048968166857020e-07 -6.907996176439597682e-06 -1.238539825853418246e-05 9.486797120461565289e-06 -3.700875863717521612e-04 -2.296706182014752421e-04 -6.600903376482813003e-05 -7.412526233960016498e-07 -2.804645091105181287e-08 -9.322800181877376728e-08 9.381361935990745232e-08 -3.813361862284131088e-07 -4.724808766569327152e-07 -1.816842188203654095e-06
-3.382181209282804727e-06 -4.112906636659837793e-06 -1.640728171088448065e-07 -1.216406645763236749e-07 1.712871579016971227e-06 4.324883566393338658e-05 -3.413519095285895996e-06 -2.174366428598331124e-07 -4.264194738652183180e-09 1.496446186482396002e-08 1.684686768896137099e-04 -3.635822877804066211e-06 -1.048898157438396967e-04 1.558880804491096362e-04 -3.686343440059560263e-05 2.014904364922989063e-05 5.031055147636511403e-05 2.036143441200554075e-05 1.647101068686720364e-03 1.273828216771130629e-03 6.165430337943852545e-04 4.739848333257381066e-04 3.034168132583663634e-07 5.002811602033456673e-07 -1.117615115419741446e-06 2.820645993594019989e-06 2.509181431751372993e-06 7.630523823215036846e-06
3.000943830034314775e-04 -1.107721774490564144e-04 -8.017040777103332587e-06 -3.986126990082681123e-06 4.324883566393338658e-05 7.232199086254186005e-03 9.387654683203911627e-05 1.313552177890418721e-05 -5.143412146477204518e-08 1.306596450914626971e-06 1.215025400763826598e-02 -1.320983191836153645e-04 -2.704854442919071671e-03 2.903189344757135630e-03 -8.861567184062623531e-04 2.207434300437957370e-03 2.409648213249480486e-03 1.261769021122681337e-03 6.382663847863667694e-02 4.838832652534413165e-02 3.428422961177438055e-02 2.753530674535268133e-02 3.135266658061893629e-05 1.579425110697162642e-05 -6.748499005200729387e-06 9.768969418140344683e-05 1.304250720754705230e-04 8.762022303894418697e-04
1.030253601661783997e-04 1.035162809048088873e-05 3.610948147199419587e-07 2.741666948564435868e-07 -3.413519095285895996e-06 9.387654683203911627e-05 5.697337163117263123e-05 -1.145079542356194044e-06 -5.068577870911379192e-08 -2.046492067885508424e-08 -1.149868930601101024e-03 2.394276695905402780e-05 5.005266130978038063e-04 -8.074401639174372215e-04 1.810230316143190911e-04 -5.596829293199017796e-05 -1.206379767104777856e-04 3.506875667962730547e-05 -9.347822462098354795e-03 -4.961493098866850450e-03 -1.623163534553265534e-03 -1.428446627945259041e-03 5.754518372417322828e-06 -1.801657613733247158e-08 6.581431576100533049e-06 -9.275912000286656178e-06 -1.277026591417192753e-05 1.951945061309811219e-05
9.314304222916050232e-06 6.280433267506661138e-07 1.257517899157085511e-08 1.713939793584309079e-08 -2.174366428598331124e-07 1.313552177890418382e-05 -1.145079542356194044e-06 6.093366607699248212e-06 -3.815027068177108939e-08 -1.540544137094695161e-08 5.260836528059719287e-04 4.930984536671911966e-06 -7.087776294905748331e-06 -6.326670691581073507e-06 -5.091738906878231233e-05 2.859296956981750593e-05 2.440200062574305239e-06 8.382563585298900269e-04 2.768917988036989110e-03 3.954188041361731505e-04 5.461715591244316759e-04 1.464239416930721927e-03 3.142965429799345655e-08 -1.166838515266750843e-07 -2.405706665178922196e-06 -6.335827506013052575e-07 1.744717132962703655e-06 4.209899842970906626e-06
-4.267437008842773928e-08 -6.814161342769154008e-08 8.323510726252073264e-10 2.344398994077560503e-09 -4.264194738652180698e-09 -5.143412146477211136e-08 -5.068577870911379192e-08 -3.815027068177108939e-08 3.775427345047020893e-07 -1.731644931700118446e-09 -2.404796014865546679e-04 5.352390444805979221e-06 1.188679260030007313e-04 -7.274404906990694457e-05 1.689849203875878469e-04 -1.869977421954686838e-04 -1.963168589116154885e-06 1.052971209644387474e-04 3.548650940312067775e-03 2.984633890494665980e-05 4.155459163569450972e-04 4.789112590108037947e-04 1.020320879249500469e-07 3.451407037370928233e-07 -1.677845275145528432e-07 8.079810349165758923e-07 8.306940606641369275e-07 6.862006013371598235e-07
-2.024447251458964544e-08 -1.012317482304166275e-07 -2.254839204875089644e-09 -2.625609521649433634e-09 1.496446186482396002e-08 1.306596450914626971e-06 -2.046492067885506438e-08 -1.540544137094695161e-08 -1.731644931700118653e-09 3.965085658156288607e-07 6.793873704391936892e-04 -3.338331563087114071e-06 -2.079606900463771633e-05 -1.029898059038771333e-05 -1.038232882202690139e-07 -3.243244154533735877e-05 4.325288724378502652e-04 9.809231680342233358e-04 3.002165506715133393e-04 6.316883086885378257e-05 -3.638172533221408823e-04 -1.281515022556018899e-03 1.534658931680487045e-07 -8.602997943252377898e-09 1.291181380611187451e-06 1.027713857139842887e-07 -5.353534423903306540e-07 8.117757613961141728e-07
-2.341726697830214324e-03 -4.275875557275995477e-03 -5.448836278685156230e-05 -8.572299268090583608e-05 1.684686768896137370e-04 1.215025400763826251e-02 -1.149868930601101024e-03 5.260836528059719287e-04 -2.404796014865546679e-04 6.793873704391936892e-04 4.402211345742104243e+01 -3.909439453787280638e-01 -8.953939725754989087e-01 -1.284384107593829483e-01 9.619895413010708107e-02 4.842931022307665478e-01 -6.097145307535233982e+00 -3.374353821341635040e+01 3.387926559964854079e+01 9.658326923829065880e-01 -1.362400758337683371e+01 -5.467204467847530935e+01 -4.789416303294969659e-04 2.240716884461778791e-03 -1.713126846587797406e-03 -4.480572092348541514e-03 4.394180942258515271e-03 1.183369845579586126e-02
9.194961542385771851e-05 9.285154391730401479e-05 2.985957561530421751e-07 2.118821660807145904e-06 -3.635822877804065364e-06 -1.320983191836154729e-04 2.394276695905401425e-05 4.930984536671910272e-06 5.352390444805979221e-06 -3.338331563087113224e-06 -3.909439453787280638e-01 8.178052650496710207e-02 -4.815667852783692832e-02 4.780842855008843317e-02 -9.838868251900284231e-03 6.619255954032229189e-03 1.013484249636312645e-01 1.379774722848763902e-01 -4.372920715108296608e-01 9.455466201792563918e-01 1.698511691344421815e+00 6.347036127236876935e-01 2.189960147969865817e-04 3.197069714519730412e-05 -2.737039432734170359e-04 -3.358413296948279151e-05 2.381338709559274605e-04 5.373271004164356787e-04
7.350920855645826698e-04 9.434243760186131634e-04 1.380193854007446985e-06 1.887127342933534217e-05 -1.048898157438397374e-04 -2.704854442919072538e-03 5.005266130978036979e-04 -7.087776294905748331e-06 1.188679260030007313e-04 -2.079606900463771633e-05 -8.953939725754989087e-01 -4.815667852783692832e-02 3.962677506678644157e+00 -2.781269746499933415e+00 -1.544422884414984321e-01 1.920636145971937880e-01 2.828037609745094549e+00 3.636354496639853551e+00 -3.045000023324283944e+01 -3.238925526158193069e+00 7.845559537614453127e+00 5.521497738698467828e+00 -9.377023953376387123e-04 -3.438917576491230100e-05 1.883845239169604354e-03 -6.783358859285343800e-04 1.240217331769417767e-03 -9.310200430182952874e-03
-2.069105258875500800e-03 -2.288090359559410460e-03 -1.280982017318231533e-05 -4.166243959016245000e-05 1.558880804491096362e-04 2.903189344757135196e-03 -8.074401639174372215e-04 -6.326670691581069272e-06 -7.274404906990694457e-05 -1.029898059038771503e-05 -1.284384107593828928e-01 4.780842855008843317e-02 -2.781269746499933415e+00 5.949504483315587677e+00 8.526553094362519791e-02 -2.255057577107323075e-01 -2.231059942864781931e+00 -2.582139835619742030e+00 1.421710877987688626e+01 -5.022063388008171536e+00 -1.206958452690771288e+01 -9.463617867206787437e+00 7.332611651071227693e-04 2.487617073765556724e-04 -3.150409880631867190e-03 7.360376665995095732e-04 -3.081372888639368878e-03 4.040338468589409551e-03
-7.878868556567975164e-05 3.182057054854400932e-04 -2.046042641801741640e-06 8.056048968166851726e-07 -3.686343440059560263e-05 -8.861567184062630036e-04 1.810230316143191453e-04 -5.091738906878229878e-05 1.689849203875878469e-04 -1.038232882202668302e-07 9.619895413010712271e-02 -9.838868251900282497e-03 -1.544422884414984321e-01 8.526553094362522567e-02 3.298833120903289284e+00 5.202221672070160841e-01 1.746064751467389931e-01 1.293334849155282629e-01 -6.768534093605122592e+00 -5.132579828481571571e-01 -7.560184369658227155e-01 -4.692536847704723013e-01 -5.365591537398968274e-04 3.497660457666925174e-04 3.179912233004798632e-03 -2.570042780912508814e-05 1.114679308631150325e-04 -1.224621613535745168e-03
-5.787924495545952210e-04 -3.646119951604192763e-04 -1.419002892827107764e-06 -6.907996176439595987e-06 2.014904364922988047e-05 2.207434300437957804e-03 -5.596829293199019151e-05 2.859296956981749916e-05 -1.869977421954686838e-04 -3.243244154533734522e-05 4.842931022307665478e-01 6.619255954032231791e-03 1.920636145971937603e-01 -2.255057577107323075e-01 5.202221672070158620e-01 3.176884550935444640e+00 2.714816532107754643e+00 2.778295117684996818e+00 5.544045823156714015e+00 -1.434403901581671414e+00 -6.356156247943001159e-01 -1.039083933536726789e+00 1.093574495978990750e-04 -1.537746062101127834e-04 1.756989402723161927e-03 -8.412166529896436843e-04 -2.659819770106359549e-04 3.277873247582291090e-04
-5.974786892350860247e-04 -4.044923063344762885e-04 -1.006719909843996146e-05 -1.238539825853418415e-05 5.031055147636510048e-05 2.409648213249480052e-03 -1.206379767104778805e-04 2.440200062574301004e-06 -1.963168589116149379e-06 4.325288724378502652e-04 -6.097145307535233982e+00 1.013484249636312923e-01 2.828037609745094549e+00 -2.231059942864782375e+00 1.746064751467389931e-01 2.714816532107754643e+00 1.093111667573768564e+01 1.970620688971084178e+01 -1.321661375937926408e+01 3.200080559146011083e+00 5.237772923465652930e+00 6.233135690486094838e+00 2.397712482075742637e-04 3.639114462596987560e-04 2.824892466767251874e-03 -9.968498022680809170e-04 -3.051240908892409020e-03 -1.394714219709541382e-03
1.745974616681177441e-03 1.142068854055143436e-03 6.297833771711656623e-06 9.486797120461565289e-06 2.036143441200554752e-05 1.261769021122684156e-03 3.506875667962719705e-05 8.382563585298900269e-04 1.052971209644387474e-04 9.809231680342235526e-04 -3.374353821341635040e+01 1.379774722848763902e-01 3.636354496639853551e+00 -2.582139835619742030e+00 1.293334849155282074e-01 2.778295117684996818e+00 1.970620688971084178e+01 5.455736900265317502e+01 -2.581865858201791397e+01 3.986797862706298545e+00 8.965220678710815960e+00 3.483535559402950810e+01 1.951024740546863782e-04 -1.081145135503357169e-03 9.576468519493550047e-03 2.231229139045055789e-03 -9.021519087982814156e-03 1.012857859577969387e-02
-1.365084347537457929e-02 -2.237275025745195586e-02 -7.816834759279730604e-05 -3.700875863717521612e-04 1.647101068686720364e-03 6.382663847863670470e-02 -9.347822462098354795e-03 2.768917988036989110e-03 3.548650940312067775e-03 3.002165506715133935e-04 3.387926559964854079e+01 -4.372920715108296053e-01 -3.045000023324284655e+01 1.421710877987688626e+01 -6.768534093605122592e+00 5.544045823156714015e+00 -1.321661375937926408e+01 -2.581865858201791752e+01 7.615495212348783980e+02 6.310467663326833332e+01 -5.665064027618399223e+01 -6.015943501517269709e+01 5.490544747328120232e-06 9.827830354317507264e-04 -5.357954024755883643e-02 3.872552893822434061e-02 -1.662818813429499734e-02 2.621372976269335797e-02
-6.142534932482726293e-03 -7.329096401364977934e-03 -1.565386185330616675e-04 -2.296706182014752963e-04 1.273828216771130629e-03 4.838832652534413858e-02 -4.961493098866850450e-03 3.954188041361732589e-04 2.984633890494664624e-05 6.316883086885378257e-05 9.658326923829065880e-01 9.455466201792563918e-01 -3.238925526158193069e+00 -5.022063388008171536e+00 -5.132579828481571571e-01 -1.434403901581671414e+00 3.200080559146011527e+00 3.986797862706298545e+00 6.310467663326833332e+01 6.087534059791341434e+01 4.057159996924116285e+01 1.625624258578926273e+01 -9.118634100937120343e-05 -1.244225138557814589e-03 -9.904609497175326932e-03 2.108921082060631006e-03 1.458229624508267271e-02 6.777615310754953049e-02
8.898184357011403251e-04 8.140772477325386577e-04 -1.180699616601754660e-04 -6.600903376482813003e-05 6.165430337943851461e-04 3.428422961177438055e-02 -1.623163534553265534e-03 5.461715591244316759e-04 4.155459163569450972e-04 -3.638172533221408823e-04 -1.362400758337683371e+01 1.698511691344422037e+00 7.845559537614453127e+00 -1.206958452690771288e+01 -7.560184369658226045e-01 -6.356156247943001159e-01 5.237772923465652930e+00 8.965220678710815960e+00 -5.665064027618399223e+01 4.057159996924116285e+01 8.647873589221471491e+01 5.447099813486294551e+01 1.339258703009562745e-03 -4.247807483867024718e-04 -2.801561961372604076e-03 3.710797482092219497e-03 2.090183704784179253e-02 2.807495725343911105e-02
3.979141835641140761e-03 3.882754736869752261e-03 -2.712532072179345158e-05 -7.412526233960016498e-07 4.739848333257381608e-04 2.753530674535268133e-02 -1.428446627945258608e-03 1.464239416930722144e-03 4.789112590108037947e-04 -1.281515022556018683e-03 -5.467204467847530935e+01 6.347036127236875824e-01 5.521497738698467828e+00 -9.463617867206787437e+00 -4.692536847704723013e-01 -1.039083933536727011e+00 6.233135690486094838e+00 3.483535559402950810e+01 -6.015943501517269709e+01 1.625624258578926273e+01 5.447099813486294551e+01 1.040073912326580796e+02 -2.286318733462502180e-04 -3.033561149997140299e-03 -2.356943849394116039e-03 8.337993270232758186e-03 8.544411882581134932e-03 -8.411670996643423603e-03
1.278753779165123825e-05 -1.972252693284792776e-06 -5.435333131484421116e-08 -2.804645091105182941e-08 3.034168132583662046e-07 3.135266658061894307e-05 5.754518372417323675e-06 3.142965429799315215e-08 1.020320879249500999e-07 1.534658931680487045e-07 -4.789416303294970743e-04 2.189960147969865817e-04 -9.377023953376384955e-04 7.332611651071227693e-04 -5.365591537398968274e-04 1.093574495978988310e-04 2.397712482075736945e-04 1.951024740546863782e-04 5.490544747326999607e-06 -9.118634100937009213e-05 1.339258703009560359e-03 -2.286318733462515732e-04 1.462551497267930043e-03 2.721906812616038326e-04 6.243651201613777720e-05 -3.445741910188487400e-04 -1.230085132854278316e-04 -1.333697327852860265e-04
1.106167510554105428e-06 -1.669402354284540094e-06 -8.186303661978875923e-08 -9.322800181877372757e-08 5.002811602033456673e-07 1.579425110697162642e-05 -1.801657613733220026e-08 -1.166838515266750446e-07 3.451407037370927704e-07 -8.602997943252308415e-09 2.240716884461778791e-03 3.197069714519730412e-05 -3.438917576491230100e-05 2.487617073765558350e-04 3.497660457666926801e-04 -1.537746062101128647e-04 3.639114462596990270e-04 -1.081145135503356301e-03 9.827830354317518106e-04 -1.244225138557814589e-03 -4.247807483867033392e-04 -3.033561149997140299e-03 2.721906812616038326e-04 8.708427034369248471e-04 7.001337425092447626e-05 7.230973225645321786e-04 3.621878712394585413e-05 -6.901528379428130931e-04
7.823943070973767206e-06 5.710370975035343988e-06 -1.981567858351907713e-07 9.381361935990746555e-08 -1.117615115419741446e-06 -6.748499005200753104e-06 6.581431576100533049e-06 -2.405706665178922196e-06 -1.677845275145529226e-07 1.291181380611187451e-06 -1.713126846587797406e-03 -2.737039432734171443e-04 1.883845239169603704e-03 -3.150409880631867190e-03 3.179912233004798198e-03 1.756989402723161276e-03 2.824892466767250573e-03 9.576468519493550047e-03 -5.357954024755885031e-02 -9.904609497175326932e-03 -2.801561961372605377e-03 -2.356943849394116039e-03 6.243651201613775010e-05 7.001337425092447626e-05 7.198008010744576766e-03 -2.795804005981187808e-04 7.302277893311791539e-04 4.601248562466897334e-03
-1.425043304371446094e-05 -5.276301232599806913e-06 -4.091818822359469166e-07 -3.813361862284131088e-07 2.820645993594019989e-06 9.768969418140344683e-05 -9.275912000286661260e-06 -6.335827506013052575e-07 8.079810349165758923e-07 1.027713857139842490e-07 -4.480572092348539780e-03 -3.358413296948287283e-05 -6.783358859285344884e-04 7.360376665995092479e-04 -2.570042780912508814e-05 -8.412166529896439012e-04 -9.968498022680809170e-04 2.231229139045057524e-03 3.872552893822434061e-02 2.108921082060633174e-03 3.710797482092219064e-03 8.337993270232756451e-03 -3.445741910188487400e-04 7.230973225645321786e-04 -2.795804005981187808e-04 2.860435813007668280e-03 6.013927047624905179e-04 -8.790860422432402160e-04
-1.928774929294623203e-05 -4.545929191697768457e-06 -7.250027265921261993e-07 -4.724808766569327681e-07 2.509181431751372993e-06 1.304250720754705501e-04 -1.277026591417192753e-05 1.744717132962703867e-06 8.306940606641367158e-07 -5.353534423903304422e-07 4.394180942258515271e-03 2.381338709559274334e-04 1.240217331769417550e-03 -3.081372888639368878e-03 1.114679308631147479e-04 -2.659819770106360633e-04 -3.051240908892409020e-03 -9.021519087982814156e-03 -1.662818813429499734e-02 1.458229624508267271e-02 2.090183704784179600e-02 8.544411882581134932e-03 -1.230085132854278045e-04 3.621878712394584735e-05 7.302277893311791539e-04 6.013927047624905179e-04 6.566424392892749977e-03 8.087916927616810303e-03
5.520153937794102222e-05 -3.084239430581922452e-05 -2.060437914475995137e-06 -1.816842188203654095e-06 7.630523823215036846e-06 8.762022303894418697e-04 1.951945061309810881e-05 4.209899842970906626e-06 6.862006013371596117e-07 8.117757613961144904e-07 1.183369845579585952e-02 5.373271004164357871e-04 -9.310200430182952874e-03 4.040338468589409551e-03 -1.224621613535744084e-03 3.277873247582285669e-04 -1.394714219709542033e-03 1.012857859577969560e-02 2.621372976269336838e-02 6.777615310754953049e-02 2.807495725343911799e-02 -8.411670996643425338e-03 -1.333697327852860265e-04 -6.901528379428130931e-04 4.601248562466897334e-03 -8.790860422432402160e-04 8.087916927616810303e-03 7.350877678946238225e-02
