# logA ns theta_MC_100 ombh2 omch2 nnu tau A_planck calib_100T calib_217T A_cib_217 xi_sz_cib A_sz ksz_norm gal545_A_100 gal545_A_143 gal545_A_143_217 gal545_A_217 ps_A_100_100 ps_A_143_143 ps_A_143_217 ps_A_217_217 galf_TE_A_100 galf_TE_A_100_143 galf_TE_A_100_217 galf_TE_A_143 galf_TE_A_143_217 galf_TE_A_217
2.716022625651191890e-04 5.970819690630528500e-05 -2.168125099272559250e-06 1.373634059505792866e-06 1.881164503383240109e-05 1.398240599240555427e-03 1.008579943513492386e-04 9.329473246068345325e-06 -2.078753229181854125e-07 6.661532649231009008e-08 3.463853360725543430e-03 -7.359586488655766559e-05 -5.089277721312722783e-04 5.852781194832037698e-04 3.001672893469319947e-04 3.069057824906788637e-04 4.151281076567898552e-04 1.061105603128431867e-03 1.442117947807122422e-02 9.659726862359788169e-03 4.556786219262355837e-03 4.446002219612538338e-03 -1.189893389569657315e-05 -4.234947127500655190e-06 -1.757633586889495453e-05 -4.851156631646251561e-06 -8.453289060729711834e-06 2.819848229947139389e-05
5.970819690630528500e-05 5.106478391430006153e-05 -1.767504234280988487e-06 9.401672743509468120e-07 1.504923166857310328e-05 1.084943405558764845e-03 1.029135271731801487e-05 4.693426018632109105e-07 -1.694886971003806065e-07 5.574674772307281035e-08 1.329998593114671513e-03 -3.793660034739936075e-05 -3.522340911057998680e-04 4.299908139049802452e-04 6.907182292699766976e-04 3.671517628453290828e-04 2.593004673854374959e-04 2.368950237386706847e-04 2.820390110618085748e-03 5.715028303474796109e-03 3.601371976526960769e-03 2.887289224669756672e-03 -4.412588151993953999e-06 -1.702563320532229705e-06 -1.646819178397789921e-06 -4.030036398379332334e-06 1.103121131502845185e-05 4.718003356341489077e-05
-2.168125099272559250e-06 -1.767504234280988487e-06 1.923986682429823474e-07 -3.143387908703884240e-08 -9.380891950016638335e-07 -5.704569909144841352e-05 7.136572790875827060e-08 1.608721017432345474e-08 7.201960339593277443e-09 -6.056431320576965538e-09 -2.501641829699174143e-04 7.664638530744652991e-06 5.416044344013165677e-05 -1.168876552705604220e-04 -3.214071188715351545e-05 -3.782469910336087030e-05 -4.115325569509697620e-05 2.179741550398441057e-05 -1.232421781307820995e-03 -6.222907657961712202e-04 -1.477152723693900130e-04 1.510330352059760625e-05 -1.063609503721599918e-07 -8.710194666603972531e-08 1.202716543940647100e-07 -4.074855980827744131e-07 -1.321349074725425154e-06 -2.384351164141761419e-06
1.373634059505792866e-06 9.401672743509468120e-07 -3.143387908703884240e-08 3.502954191431286618e-08 3.054773160437144815e-07 2.285964497964154980e-05 2.299788406531572960e-07 1.118734398407951779e-08 6.546039509620800305e-10 2.418825648185992782e-09 2.003195194566729454e-05 -2.788320378849340653e-07 -1.051389361754610106e-05 1.581682681736275382e-05 8.022437212081760214e-06 9.740736541011573080e-06 7.929825882613250531e-06 9.497855454727861899e-06 1.988841775604662779e-04 7.157733273763698613e-05 1.270052139522073043e-05 6.869896302767500365e-06 -1.597278884270791505e-07 -8.904343874339931252e-08 -1.242043238069700611e-07 -3.248359870508577544e-07 -1.992583165516047741e-07 -4.437953576454530645e-07
1.881164503383240109e-05 1.504923166857310328e-05 -9.380891950016638335e-07 3.054773160437144815e-07 8.486537661274410837e-06 4.876275053654639661e-04 -1.407498833470576962e-06 -1.268992742838836134e-07 -6.375256184450541173e-08 6.010948176109030792e-08 2.267507779554592956e-03 -6.281964376978765060e-05 -4.840418786738454851e-04 1.007986778913902339e-03 2.094584525566923832e-04 3.212912714692632175e-04 4.215822536640344287e-04 -9.130301358967264397e-05 1.110225570827959654e-02 5.752985281120586401e-03 1.426850486128594967e-03 -2.048707275823044723e-04 -1.101051233968788112e-07 -5.849465439742714838e-08 1.357077044125725362e-06 -6.597659581266769402e-07 6.553439790316789830e-06 2.504391570626312576e-05
1.398240599240555427e-03 1.084943405558764845e-03 -5.704569909144841352e-05 2.285964497964154980e-05 4.876275053654640203e-04 3.112991623514681228e-02 6.399543235565824655e-05 1.166820252719892643e-06 -3.702173716731316650e-06 3.405224208905004054e-06 1.389821156161345495e-01 -3.650807037622113595e-03 -2.902073153016918039e-02 6.207961842856322965e-02 1.417992550030994572e-02 2.063430324226003809e-02 2.449331012473297473e-02 -8.175420005456679462e-03 6.600279214720433663e-01 3.348478488415661536e-01 7.835526580919495443e-02 -2.093983877147184355e-02 -3.363229653854647749e-05 -2.670299007647847364e-05 3.799374526424310693e-06 -1.108744345567940821e-04 3.163615236753732768e-04 1.294201068666983156e-03
1.008579943513492386e-04 1.029135271731801487e-05 7.136572790875827060e-08 2.299788406531572960e-07 -1.407498833470576962e-06 6.399543235565824655e-05 5.342224950099540293e-05 -9.970833715913580420e-07 -9.704698210819459840e-08 -9.385316815200483754e-09 -7.000777520640959076e-04 1.134271966496566416e-05 3.157495443630768477e-04 -6.668087767666732975e-04 -6.151270173926667417e-05 2.883255807023138529e-05 -1.304425980909729968e-04 -2.183345355324655551e-04 -7.157352774723953898e-03 -2.910728110990830255e-03 -9.631124507311151009e-04 -4.987133176541461719e-04 -6.269361968326662236e-06 -1.430269757739664084e-06 -1.055406487922045267e-05 3.146257563236396054e-07 -9.059405010285878908e-06 -1.578911492641515656e-05
9.329473246068345325e-06 4.693426018632109105e-07 1.608721017432345474e-08 1.118734398407951779e-08 -1.268992742838835339e-07 1.166820252719892643e-06 -9.970833715913580420e-07 5.775731642866641586e-06 5.955358047608328231e-09 -2.694531215375803718e-08 4.495190737299826805e-04 7.146439869397319844e-06 6.322817453711112136e-05 9.724642463053687926e-06 8.184231235144284018e-05 -2.249605981610962172e-05 1.855153508352994369e-06 7.414506593362168605e-04 2.139149055252499536e-03 3.177846127054135780e-04 5.455712374042346290e-04 1.392020960835205559e-03 1.214032368083501606e-06 1.944681863728606255e-07 2.117584324119890475e-06 -7.103782316511409355e-07 -1.937391184962066023e-06 3.237495034298161432e-06
-2.078753229181854125e-07 -1.694886971003806065e-07 7.201960339593277443e-09 6.546039509620800305e-10 -6.375256184450541173e-08 -3.702173716731316650e-06 -9.704698210819459840e-08 5.955358047608328231e-09 3.742296209699768493e-07 -7.467284702301161388e-10 -2.061904893983783522e-04 5.627906298786601083e-06 1.151500910713255097e-04 -9.643814935262901965e-05 1.816121704183291832e-04 -1.856199265521508534e-04 -3.677179344232795735e-05 5.362033164310886773e-05 3.583369561729833966e-03 2.813789746363731627e-05 4.578295768407269150e-04 4.682834082388996101e-04 -3.622637779877434954e-07 -9.294411741266058428e-08 2.314193027505370476e-07 4.018327296136333283e-07 -1.376370379701428917e-06 -1.631637357836685446e-06
6.661532649231006361e-08 5.574674772307282359e-08 -6.056431320576964711e-09 2.418825648185993195e-09 6.010948176109030792e-08 3.405224208905004901e-06 -9.385316815200483754e-09 -2.694531215375803387e-08 -7.467284702301166558e-10 3.811380519483463010e-07 7.350825072371098114e-04 -2.580634127828848986e-06 -2.738879295739449882e-05 3.737933136321709209e-06 -3.558774025683812060e-06 -2.635726044104269640e-05 4.166266646748361313e-04 9.097860252363083704e-04 3.262532016205356238e-04 1.032103381481251246e-04 -3.623726460246526836e-04 -1.356358793218500431e-03 -1.357714810084577594e-07 2.119413513639862382e-07 2.295542394882274801e-08 3.309006938582566675e-07 -6.567289289951291481e-07 1.388129459642712215e-06
3.463853360725543430e-03 1.329998593114671513e-03 -2.501641829699174685e-04 2.003195194566729115e-05 2.267507779554592956e-03 1.389821156161345495e-01 -7.000777520640959076e-04 4.495190737299826805e-04 -2.061904893983783522e-04 7.350825072371097030e-04 4.334831320296990498e+01 -4.135383147364617984e-01 -7.933064939957830131e-01 -1.081126746674478251e-01 4.169821038863756879e-01 8.242009892461350518e-01 -5.179862472220385428e+00 -3.145863372592902962e+01 3.685815453326391378e+01 2.878756975789471095e+00 -1.226810354897652289e+01 -5.313194351474962218e+01 7.000991845134259262e-03 1.290064733682368819e-03 1.268086100368143133e-03 2.120700581774875339e-04 -3.622174173656766191e-03 1.100099355891826468e-02
-7.359586488655769270e-05 -3.793660034739936075e-05 7.664638530744652991e-06 -2.788320378849343300e-07 -6.281964376978766416e-05 -3.650807037622114462e-03 1.134271966496566925e-05 7.146439869397319844e-06 5.627906298786600236e-06 -2.580634127828848986e-06 -4.135383147364617984e-01 8.139530510646550421e-02 -4.340030614194327618e-02 4.215572205259818239e-02 -2.162333582368300769e-02 6.065131314915836111e-04 1.026978100235153846e-01 1.531830486466615737e-01 -5.294949080060881164e-01 8.775640189680127268e-01 1.671330735316132854e+00 6.242732447585563893e-01 -1.665980798507711569e-04 -3.678055360160906453e-06 1.445742356638472575e-04 -2.466240809941294015e-04 1.550931950036494659e-05 -1.489259137450151026e-03
-5.089277721312721698e-04 -3.522340911057999222e-04 5.416044344013165677e-05 -1.051389361754610275e-05 -4.840418786738454851e-04 -2.902073153016918039e-02 3.157495443630767393e-04 6.322817453711112136e-05 1.151500910713255097e-04 -2.738879295739449882e-05 -7.933064939957830131e-01 -4.340030614194327618e-02 3.738836400238014779e+00 -2.532548207580823441e+00 -2.641938298038863930e-01 1.563590950223018028e-01 2.565113993291339156e+00 3.130135767391440282e+00 -3.038951183216131469e+01 -3.733574937721517717e+00 6.849540543743898979e+00 4.728609303447751877e+00 6.917071724971187037e-05 2.884465018342874322e-04 -3.673766049829471029e-03 7.057572837995837673e-04 -1.830865799014032335e-03 -1.346206857509501392e-02
5.852781194832039867e-04 4.299908139049802452e-04 -1.168876552705604220e-04 1.581682681736275043e-05 1.007986778913902339e-03 6.207961842856322965e-02 -6.668087767666732975e-04 9.724642463053667597e-06 -9.643814935262904676e-05 3.737933136321713868e-06 -1.081126746674477834e-01 4.215572205259816158e-02 -2.532548207580823441e+00 5.449021711425963588e+00 1.543214822041883982e-01 -2.330794622960007390e-01 -2.012384177133070828e+00 -2.253762513374775622e+00 1.341139783949729214e+01 -3.752594606960565127e+00 -1.024786174619007895e+01 -8.021764541205190113e+00 1.814746727595080000e-03 -5.555898152541119362e-04 7.383353807762590808e-03 -3.149050385144690038e-03 1.578299769256079864e-03 1.492635855516513850e-02
3.001672893469319405e-04 6.907182292699766976e-04 -3.214071188715351545e-05 8.022437212081758520e-06 2.094584525566924374e-04 1.417992550030994572e-02 -6.151270173926663351e-05 8.184231235144285373e-05 1.816121704183291832e-04 -3.558774025683812483e-06 4.169821038863756879e-01 -2.162333582368301116e-02 -2.641938298038863930e-01 1.543214822041883705e-01 3.394266027551175124e+00 5.710158925524944085e-01 1.685746348560946545e-02 -1.675188994309639023e-01 -4.576574073824347444e+00 -4.454419381974285552e-01 -1.120960979424021842e+00 -7.754914405080338691e-01 5.010416982534878286e-04 6.971410089998704819e-04 3.498417123827409999e-04 1.062624670430807844e-04 -1.008231308822433395e-03 -3.100898778191754461e-03
3.069057824906788095e-04 3.671517628453290828e-04 -3.782469910336087030e-05 9.740736541011574775e-06 3.212912714692632175e-04 2.063430324226003809e-02 2.883255807023140901e-05 -2.249605981610962172e-05 -1.856199265521508534e-04 -2.635726044104269640e-05 8.242009892461350518e-01 6.065131314915839364e-04 1.563590950223018028e-01 -2.330794622960006834e-01 5.710158925524942974e-01 3.144893508977609109e+00 2.682271060811871166e+00 2.511057705085170788e+00 5.473367962945868470e+00 -1.055955024165024625e+00 -6.473174085692846580e-01 -1.337635279964387802e+00 7.561798541046851419e-04 -3.138270122556542033e-04 -5.012522729655003459e-04 -2.177893881473260459e-03 -3.578034084117684508e-03 -7.513485849919667066e-03
4.151281076567898552e-04 2.593004673854374959e-04 -4.115325569509697620e-05 7.929825882613250531e-06 4.215822536640343203e-04 2.449331012473297473e-02 -1.304425980909730239e-04 1.855153508352999451e-06 -3.677179344232795057e-05 4.166266646748361313e-04 -5.179862472220385428e+00 1.026978100235153846e-01 2.565113993291339156e+00 -2.012384177133070828e+00 1.685746348560947586e-02 2.682271060811871166e+00 1.072652946736868174e+01 1.866873238480205899e+01 -1.200222625941506749e+01 3.691674400767810393e+00 4.517330902349391053e+00 4.827368105754740846e+00 -6.130488283003911014e-04 -2.082662947464298332e-05 -2.870759756742429208e-04 -2.994467608587747260e-03 -6.917743448534344718e-03 -1.473517616857051085e-02
1.061105603128431867e-03 2.368950237386707931e-04 2.179741550398440718e-05 9.497855454727863593e-06 -9.130301358967272529e-05 -8.175420005456679462e-03 -2.183345355324654738e-04 7.414506593362168605e-04 5.362033164310886773e-05 9.097860252363083704e-04 -3.145863372592902962e+01 1.531830486466615737e-01 3.130135767391439838e+00 -2.253762513374775622e+00 -1.675188994309639579e-01 2.511057705085170788e+00 1.866873238480205899e+01 5.122099565237862606e+01 -2.451667322587677234e+01 4.356790703739389592e+00 7.659987843406243613e+00 3.168327857365925482e+01 -4.087067846180118813e-03 3.000381703675723474e-04 2.110311027827029440e-03 -2.382509145607500985e-03 -1.106473199207478990e-02 -1.851064803881107002e-02
1.442117947807122422e-02 2.820390110618085748e-03 -1.232421781307820995e-03 1.988841775604662779e-04 1.110225570827959654e-02 6.600279214720433663e-01 -7.157352774723953898e-03 2.139149055252499536e-03 3.583369561729833966e-03 3.262532016205356238e-04 3.685815453326391378e+01 -5.294949080060881164e-01 -3.038951183216131469e+01 1.341139783949729214e+01 -4.576574073824346556e+00 5.473367962945868470e+00 -1.200222625941506749e+01 -2.451667322587677234e+01 7.863861434543308633e+02 7.729139558593703896e+01 -4.715104977746232606e+01 -5.566583086231823785e+01 6.879794581353792203e-03 4.888116634246199473e-03 3.718343667045516387e-02 1.070397834821768673e-02 -2.960578964905704810e-02 9.736722569444826447e-02
9.659726862359788169e-03 5.715028303474796109e-03 -6.222907657961712202e-04 7.157733273763698613e-05 5.752985281120585534e-03 3.348478488415661536e-01 -2.910728110990830255e-03 3.177846127054135780e-04 2.813789746363731627e-05 1.032103381481251246e-04 2.878756975789471095e+00 8.775640189680127268e-01 -3.733574937721517717e+00 -3.752594606960565127e+00 -4.454419381974285552e-01 -1.055955024165024625e+00 3.691674400767810393e+00 4.356790703739389592e+00 7.729139558593703896e+01 6.289592536793162481e+01 3.882015561387857616e+01 1.365896383858419227e+01 -4.049291221866385508e-03 1.610998721419877600e-03 -5.120290019217000818e-03 6.180840381885062580e-04 8.093069703390725483e-03 1.294215303821304001e-02
4.556786219262355837e-03 3.601371976526960769e-03 -1.477152723693900130e-04 1.270052139522073043e-05 1.426850486128594751e-03 7.835526580919494055e-02 -9.631124507311151009e-04 5.455712374042346290e-04 4.578295768407269150e-04 -3.623726460246526836e-04 -1.226810354897652289e+01 1.671330735316132854e+00 6.849540543743898979e+00 -1.024786174619007895e+01 -1.120960979424022064e+00 -6.473174085692847690e-01 4.517330902349391053e+00 7.659987843406244501e+00 -4.715104977746232606e+01 3.882015561387857616e+01 8.132935644231417882e+01 4.931492673174933117e+01 -6.170165461979232671e-03 2.361148612453004524e-03 -1.395229446500710450e-02 4.421244669973542311e-03 8.117571406605281203e-03 -4.463149970056469462e-02
4.446002219612538338e-03 2.887289224669756238e-03 1.510330352059760625e-05 6.869896302767500365e-06 -2.048707275823045536e-04 -2.093983877147184355e-02 -4.987133176541458466e-04 1.392020960835205776e-03 4.682834082388996101e-04 -1.356358793218500431e-03 -5.313194351474962218e+01 6.242732447585563893e-01 4.728609303447751877e+00 -8.021764541205190113e+00 -7.754914405080338691e-01 -1.337635279964387802e+00 4.827368105754740846e+00 3.168327857365925482e+01 -5.566583086231823785e+01 1.365896383858419227e+01 4.931492673174931696e+01 9.886140057510326073e+01 -1.104249947179261962e-02 3.002870229945746620e-04 -1.366882357377161537e-02 8.882782868488262734e-03 1.505832298652490416e-02 -2.674136863142251644e-02
-1.189893389569656976e-05 -4.412588151993953999e-06 -1.063609503721600182e-07 -1.597278884270790975e-07 -1.101051233968788509e-07 -3.363229653854650459e-05 -6.269361968326662236e-06 1.214032368083501606e-06 -3.622637779877434954e-07 -1.357714810084577329e-07 7.000991845134259262e-03 -1.665980798507711027e-04 6.917071724971178906e-05 1.814746727595080000e-03 5.010416982534878286e-04 7.561798541046851419e-04 -6.130488283003909930e-04 -4.087067846180118813e-03 6.879794581353784397e-03 -4.049291221866384641e-03 -6.170165461979230936e-03 -1.104249947179262135e-02 1.465390586293700663e-03 2.676516318518198782e-04 3.889589309558247299e-05 -3.717667494100082158e-04 -1.330073057108018160e-04 -2.652328537801665310e-04
-4.234947127500656037e-06 -1.702563320532229493e-06 -8.710194666603973854e-08 -8.904343874339929928e-08 -5.849465439742745278e-08 -2.670299007647845331e-05 -1.430269757739664084e-06 1.944681863728607049e-07 -9.294411741266059752e-08 2.119413513639862382e-07 1.290064733682367952e-03 -3.678055360160886548e-06 2.884465018342875406e-04 -5.555898152541125868e-04 6.971410089998706988e-04 -3.138270122556543118e-04 -2.082662947464282747e-05 3.000381703675723474e-04 4.888116634246199473e-03 1.610998721419878250e-03 2.361148612453004524e-03 3.002870229945746620e-04 2.676516318518198782e-04 8.725716739140188189e-04 4.716749925411913637e-05 7.288211725167690388e-04 4.453363036247893255e-05 -8.394561297400506602e-04
-1.757633586889495453e-05 -1.646819178397789285e-06 1.202716543940646306e-07 -1.242043238069700875e-07 1.357077044125725574e-06 3.799374526424290788e-06 -1.055406487922045267e-05 2.117584324119890051e-06 2.314193027505370211e-07 2.295542394882321123e-08 1.268086100368145301e-03 1.445742356638471491e-04 -3.673766049829470162e-03 7.383353807762590808e-03 3.498417123827406204e-04 -5.012522729655013217e-04 -2.870759756742427039e-04 2.110311027827030308e-03 3.718343667045516387e-02 -5.120290019217004288e-03 -1.395229446500710277e-02 -1.366882357377161884e-02 3.889589309558249332e-05 4.716749925411914315e-05 7.165893653168905683e-03 -2.977059533214413160e-04 6.297312787204458308e-04 4.235659165416667468e-03
-4.851156631646250714e-06 -4.030036398379333181e-06 -4.074855980827744131e-07 -3.248359870508577014e-07 -6.597659581266766225e-07 -1.108744345567942041e-04 3.146257563236389702e-07 -7.103782316511409355e-07 4.018327296136332754e-07 3.309006938582568263e-07 2.120700581774891060e-04 -2.466240809941294015e-04 7.057572837995837673e-04 -3.149050385144690038e-03 1.062624670430809470e-04 -2.177893881473260893e-03 -2.994467608587747260e-03 -2.382509145607502720e-03 1.070397834821768673e-02 6.180840381885063664e-04 4.421244669973543179e-03 8.882782868488262734e-03 -3.717667494100082158e-04 7.288211725167690388e-04 -2.977059533214413702e-04 2.870143944404011504e-03 4.511433880923198234e-04 -1.007164785750996232e-03
-8.453289060729708446e-06 1.103121131502845185e-05 -1.321349074725425154e-06 -1.992583165516047741e-07 6.553439790316788983e-06 3.163615236753732768e-04 -9.059405010285877214e-06 -1.937391184962066023e-06 -1.376370379701428917e-06 -6.567289289951292540e-07 -3.622174173656765323e-03 1.550931950036498386e-05 -1.830865799014032552e-03 1.578299769256079864e-03 -1.008231308822432311e-03 -3.578034084117684508e-03 -6.917743448534346452e-03 -1.106473199207479163e-02 -2.960578964905703769e-02 8.093069703390723749e-03 8.117571406605282938e-03 1.505832298652490242e-02 -1.330073057108018160e-04 4.453363036247893255e-05 6.297312787204458308e-04 4.511433880923198777e-04 6.463162900054003276e-03 8.038597189954652458e-03
2.819848229947139389e-05 4.718003356341489077e-05 -2.384351164141761419e-06 -4.437953576454529586e-07 2.504391570626312576e-05 1.294201068666983156e-03 -1.578911492641515656e-05 3.237495034298161855e-06 -1.631637357836685446e-06 1.388129459642710944e-06 1.100099355891826988e-02 -1.489259137450150592e-03 -1.346206857509501392e-02 1.492635855516514197e-02 -3.100898778191753160e-03 -7.513485849919667066e-03 -1.473517616857051432e-02 -1.851064803881107348e-02 9.736722569444826447e-02 1.294215303821304001e-02 -4.463149970056470156e-02 -2.674136863142251297e-02 -2.652328537801665852e-04 -8.394561297400506602e-04 4.235659165416667468e-03 -1.007164785750996232e-03 8.038597189954652458e-03 7.119051839289788908e-02
