# logA ns theta_MC_100 ombh2 omch2 w tau A_planck calib_100T calib_217T A_cib_217 xi_sz_cib A_sz ksz_norm gal545_A_100 gal545_A_143 gal545_A_143_217 gal545_A_217 ps_A_100_100 ps_A_143_143 ps_A_143_217 ps_A_217_217 galf_TE_A_100 galf_TE_A_100_143 galf_TE_A_100_217 galf_TE_A_143 galf_TE_A_143_217 galf_TE_A_217
2.026977512082066973e-04 1.371639255617024025e-05 6.835924600346087856e-07 4.632247724866820372e-07 -4.443596891879789357e-06 2.027178239206445644e-04 9.609721695778303621e-05 9.489007277464963643e-06 2.576126938593147828e-07 1.679527009359387088e-07 -1.142251207578290004e-03 1.256213173133442426e-04 1.449146704960002380e-03 -3.095807783374237773e-03 -8.502968933565175106e-04 -9.206425101199920908e-04 5.455784491378702465e-04 2.276726867477545276e-03 -1.568054589857353562e-02 -5.083686211835265062e-03 1.730335480791837495e-03 3.344371044200613284e-03 5.262521678500142550e-06 -1.132001026936266469e-05 -4.414611467934719740e-06 -2.266530039876989920e-05 -6.289665959416109989e-06 3.250880888401390910e-05
1.371639255617024025e-05 1.555615538693226561e-05 3.490149112666083850e-07 2.010268208315730603e-07 -2.763554396244273137e-06 8.192158341860027268e-05 1.019617421274851279e-05 6.251005249188252900e-07 -1.668079325855533060e-08 -1.719647456457183419e-08 -4.432044791133864584e-03 1.303757550556803170e-04 9.543165926657221380e-04 -2.063197718219935903e-03 1.815436066457074026e-04 -2.488220166238607053e-04 5.713295215430747368e-05 1.765781959079334084e-03 -2.347686580695196659e-02 -6.302205315896655148e-03 1.594247016322281442e-03 4.582949393060187053e-03 -2.539087117613941899e-06 3.515200814679686784e-06 -3.790862614554915959e-06 1.638201469875293116e-06 -5.689328903078679430e-06 -2.387394710446799588e-05
6.835924600346087856e-07 3.490149112666083850e-07 9.012268057252321056e-08 1.295908872645719215e-08 -8.710533074072543276e-08 4.310743906534946941e-06 3.725668458938061567e-07 2.985747216277355933e-08 -1.395389693103101419e-09 2.309961141724235513e-09 -4.858162791610878196e-06 2.233500868375545246e-06 9.384001695065698597e-06 -1.309592766902297973e-06 6.154597385438735596e-06 1.431549294782480122e-05 4.924192972217189125e-06 -2.436519803211221466e-06 -1.644156671142701063e-04 -8.964160650466550511e-05 -8.925766411326186853e-07 -1.927005074624472074e-05 6.939780635677551325e-08 -1.416445088431783492e-07 3.430491068501284598e-07 -3.793678578685727272e-07 -3.659856466033931236e-07 -1.264616247663879326e-06
4.632247724866820372e-07 2.010268208315730603e-07 1.295908872645719215e-08 1.959181211560387122e-08 -7.506914975039194729e-08 2.480784413768110365e-06 2.492219578287115810e-07 2.787861504928233636e-08 1.568998012631229151e-09 -6.862264011143171378e-10 -5.775407381127407852e-05 1.801581492542986476e-06 1.924416457040833715e-05 -3.334874100070837726e-05 -7.904720996171175437e-06 -1.286993984085775375e-05 -1.639886009485655709e-05 -3.561527189526094245e-06 -3.254233885102804564e-04 -2.021969653212458984e-04 -5.948601460555973515e-05 -7.109836685219117341e-06 5.960235216218872523e-09 -1.109236674298685301e-08 -1.149555283508369991e-08 -2.710187965239824436e-07 -4.031059492064742172e-07 -1.074948490284076218e-06
-4.443596891879790204e-06 -2.763554396244273137e-06 -8.710533074072543276e-08 -7.506914975039193405e-08 1.155300262918741988e-06 -3.169651200121136893e-05 -3.256858968044530981e-06 -2.978871212953364217e-07 -1.709948811720349214e-08 -3.443876140236679609e-09 8.554772059382071022e-05 -9.452903531807522195e-06 -6.494577106815443068e-05 7.377609967167850994e-05 4.189478470814002889e-05 1.723215934891261222e-05 1.940859807548951801e-05 5.358656163520893954e-05 9.822966612514710209e-04 7.420126437451068186e-04 3.070207789517526804e-04 2.183996355006534375e-04 5.049868514459966052e-07 -6.979947783934918420e-07 1.196294047478518972e-06 -3.084056051640230453e-07 1.128239999705881041e-06 8.096454943620514353e-06
2.027178239206445644e-04 8.192158341860027268e-05 4.310743906534946941e-06 2.480784413768110365e-06 -3.169651200121136893e-05 3.873501318873425175e-03 1.219239363748764318e-04 1.414682077278835917e-05 5.373739834869509789e-07 -5.190102353774765194e-07 -5.432301700026041964e-03 3.953879066604440158e-04 2.216907789168233965e-03 -1.875506086350012301e-03 1.786592784239190990e-03 6.534691108648039374e-04 1.693639803353345040e-03 2.068488406924514321e-03 -6.623209706229549187e-02 -2.468065823836325737e-02 -1.045424206870194939e-02 -4.397719962120748977e-03 1.434324734175749293e-06 -2.314939203571726224e-05 -6.140014408873169759e-05 -4.507357600468021879e-05 -1.242133856371765413e-04 -3.848548502782097778e-04
9.609721695778303621e-05 1.019617421274851279e-05 3.725668458938061567e-07 2.492219578287115810e-07 -3.256858968044530981e-06 1.219239363748764318e-04 5.332578606074893731e-05 -1.119803496929866666e-06 6.067437554258683480e-08 8.483839923907948292e-08 -9.293211755011945114e-04 5.222869184625358776e-05 8.633520916313620680e-04 -1.224735924516033407e-03 -3.360078355297998445e-04 -1.675063127341771695e-04 6.079866783180758920e-04 6.911599668348654239e-04 -1.128245955138901246e-02 -3.997320311981207748e-03 -5.677432478675177455e-04 -8.508317488459928371e-04 1.816600272011628315e-06 -2.318679980005537201e-06 -3.613958633944527089e-06 -6.175928189719207314e-06 -2.861467701588551193e-06 2.821963524617376981e-06
9.489007277464963643e-06 6.251005249188252900e-07 2.985747216277355933e-08 2.787861504928233636e-08 -2.978871212953364217e-07 1.414682077278835917e-05 -1.119803496929866666e-06 6.149766042203683716e-06 2.398462558542726050e-08 1.616238902902512678e-08 9.680613114702458491e-04 8.723911639484119405e-08 -4.794854595662311337e-05 -8.819779980064176763e-05 1.327287783580000967e-05 5.618117873484155964e-06 -1.443151652823312342e-05 5.786501330569495706e-04 4.389838596552949473e-03 6.613283994204115484e-04 2.851514855215349581e-04 8.727265887461009087e-04 3.984362016678869046e-07 -1.403264601951766660e-06 4.998196824828599157e-07 -3.099019132465970870e-06 -2.448704744971759191e-06 1.143753516330570176e-06
2.576126938593147828e-07 -1.668079325855533060e-08 -1.395389693103101419e-09 1.568998012631229151e-09 -1.709948811720349545e-08 5.373739834869509789e-07 6.067437554258683480e-08 2.398462558542726050e-08 3.753152384294371140e-07 -1.105438417855677295e-08 -1.760383654513357488e-04 5.662309306137313850e-06 1.188187304969943965e-04 -7.146667595323791884e-05 1.733447770459328329e-04 -1.903975664111149508e-04 -3.638204243445809950e-05 2.509913754490318932e-05 3.721930817753014639e-03 2.793418385339240063e-05 4.449263482960357863e-04 4.483561580611288163e-04 2.398393456998844400e-07 -5.067152354396221172e-08 1.102295095505815160e-06 -3.251427821672458003e-07 -6.789758807550437326e-07 9.928987561128103799e-07
1.679527009359387352e-07 -1.719647456457182757e-08 2.309961141724235927e-09 -6.862264011143171378e-10 -3.443876140236679609e-09 -5.190102353774763076e-07 8.483839923907950939e-08 1.616238902902512678e-08 -1.105438417855677295e-08 3.778814651527999924e-07 6.776797110428737104e-04 -5.983108350740878916e-06 -1.603828905762637392e-05 -1.834280238672801881e-05 -3.520298840382276575e-06 -3.713004375875456655e-05 3.814374235320243259e-04 9.033526405465167140e-04 2.581890931910439430e-04 -8.751024815243824855e-06 -3.953432187109068470e-04 -1.269117498274025717e-03 3.724767724013578808e-07 1.449733983189405667e-07 7.395368594181535422e-07 -4.292773526958807842e-07 -1.527129445507612593e-06 -8.319704952480451814e-07
-1.142251207578289570e-03 -4.432044791133864584e-03 -4.858162791610878196e-06 -5.775407381127407852e-05 8.554772059382071022e-05 -5.432301700026041964e-03 -9.293211755011947283e-04 9.680613114702458491e-04 -1.760383654513357217e-04 6.776797110428737104e-04 4.457288851540212704e+01 -4.039787930367062518e-01 -1.088330538881768783e+00 2.154517761577800505e-01 -4.203114244336381145e-02 2.802109906531225492e-01 -6.524775289072469064e+00 -3.411802586467067044e+01 3.746293658652700032e+01 1.299126598473950622e+00 -1.383467423076800706e+01 -5.576651106735796048e+01 1.524596063446641845e-03 3.286702324566532357e-03 2.505522931996563302e-03 -2.433262995193101377e-03 -4.956982737936699995e-03 -2.439541084694742470e-02
1.256213173133442155e-04 1.303757550556803441e-04 2.233500868375545246e-06 1.801581492542986264e-06 -9.452903531807523889e-06 3.953879066604440700e-04 5.222869184625358776e-05 8.723911639483979115e-08 5.662309306137313003e-06 -5.983108350740878916e-06 -4.039787930367062518e-01 8.100561255347323020e-02 -1.969675956879512330e-02 1.964657329727201307e-02 -4.833165331254190254e-03 8.300281978137110869e-03 1.074066256296072885e-01 1.348177717515902652e-01 -7.320088061139451430e-01 8.844564969764898699e-01 1.757416177946451441e+00 7.081445297036900177e-01 -3.454780839255211294e-04 1.999924390810440986e-05 -3.347122866295008719e-04 8.938652681847414035e-05 2.533657797269081189e-04 7.156135064406300272e-04
1.449146704960002597e-03 9.543165926657221380e-04 9.384001695065698597e-06 1.924416457040834053e-05 -6.494577106815443068e-05 2.216907789168233098e-03 8.633520916313622848e-04 -4.794854595662313370e-05 1.188187304969943965e-04 -1.603828905762637392e-05 -1.088330538881768783e+00 -1.969675956879511983e-02 3.720207974843365406e+00 -2.577617762593514605e+00 -1.622929017875965885e-01 9.333537304243155752e-02 2.616911605937542351e+00 3.437337993422905136e+00 -2.911052737677061586e+01 -2.803447270396764779e+00 7.833440023609067993e+00 5.411989818041075928e+00 6.369791542171161563e-04 1.803546341315914498e-04 4.784650701587239360e-03 -7.314066992166884384e-04 -2.152490858837484596e-03 5.699820341692942577e-03
-3.095807783374238207e-03 -2.063197718219935469e-03 -1.309592766902302209e-06 -3.334874100070838403e-05 7.377609967167850994e-05 -1.875506086350012301e-03 -1.224735924516033624e-03 -8.819779980064178118e-05 -7.146667595323791884e-05 -1.834280238672799849e-05 2.154517761577801060e-01 1.964657329727201307e-02 -2.577617762593514605e+00 5.585850801415218392e+00 9.208560731841669567e-02 -1.375425433774127293e-01 -2.080462846404848687e+00 -2.701690557502069545e+00 1.267811111499790400e+01 -5.267758074093523035e+00 -1.194684606377118818e+01 -9.323858209501823424e+00 -1.378526442497479991e-03 -6.524643321923605938e-04 -3.427730960339569945e-03 1.131393551407253043e-03 -3.985434543554181529e-04 -2.082686316704546875e-02
-8.502968933565175106e-04 1.815436066457074026e-04 6.154597385438735596e-06 -7.904720996171173743e-06 4.189478470814002889e-05 1.786592784239191423e-03 -3.360078355297997903e-04 1.327287783580001814e-05 1.733447770459328329e-04 -3.520298840382276998e-06 -4.203114244336380451e-02 -4.833165331254191989e-03 -1.622929017875965607e-01 9.208560731841665403e-02 3.258670445243552205e+00 5.450154344696789277e-01 2.901254452548441831e-01 5.248007560318793674e-01 -6.010066690002191514e+00 -2.825042695627396072e-01 -6.273064560936372214e-01 -3.524504178230893348e-01 -1.681973105127121653e-03 6.014810652840262960e-04 -6.176243621251865750e-05 -8.973604776138196289e-04 -5.963481276699914577e-04 2.260924367181459810e-03
-9.206425101199920908e-04 -2.488220166238606511e-04 1.431549294782479444e-05 -1.286993984085775375e-05 1.723215934891260883e-05 6.534691108648039374e-04 -1.675063127341771695e-04 5.618117873484166975e-06 -1.903975664111149508e-04 -3.713004375875455978e-05 2.802109906531224937e-01 8.300281978137112604e-03 9.333537304243155752e-02 -1.375425433774127015e-01 5.450154344696789277e-01 3.258241777146034579e+00 2.773764057821998641e+00 2.976328098645111719e+00 7.086367064939826932e+00 -1.394696996584148030e+00 -8.570408001268389198e-01 -9.624818916260063917e-01 6.702232050124378631e-04 2.151558636293152474e-04 -8.801276143618548715e-04 1.473347533286525034e-03 2.239528063948464758e-03 4.323175535153569310e-03
5.455784491378703549e-04 5.713295215430751433e-05 4.924192972217186584e-06 -1.639886009485655709e-05 1.940859807548951801e-05 1.693639803353345040e-03 6.079866783180757836e-04 -1.443151652823313528e-05 -3.638204243445811306e-05 3.814374235320243801e-04 -6.524775289072469064e+00 1.074066256296072885e-01 2.616911605937542351e+00 -2.080462846404849131e+00 2.901254452548441831e-01 2.773764057821998641e+00 1.079809713656129233e+01 1.964820567585825373e+01 -1.236926154484163654e+01 3.248141318297539382e+00 4.941299765409518763e+00 6.433998140057787474e+00 1.364997509563180451e-03 -6.970464939263934181e-06 -4.427960076885892066e-04 -1.112685250752082919e-03 -4.467905979351950545e-03 1.467989695356605034e-03
2.276726867477545276e-03 1.765781959079334084e-03 -2.436519803211226971e-06 -3.561527189526094245e-06 5.358656163520892599e-05 2.068488406924513887e-03 6.911599668348654239e-04 5.786501330569495706e-04 2.509913754490318932e-05 9.033526405465170392e-04 -3.411802586467067755e+01 1.348177717515902652e-01 3.437337993422905136e+00 -2.701690557502069545e+00 5.248007560318793674e-01 2.976328098645111719e+00 1.964820567585825373e+01 5.436102642837367682e+01 -2.545957917353561228e+01 4.236641998839372647e+00 8.527816447768751473e+00 3.517910804205364883e+01 3.564326977077831877e-03 -1.969486384354547648e-03 5.097282088563580803e-03 -2.023772639954340025e-03 -1.104188059347735971e-02 1.270260307053989839e-02
-1.568054589857353562e-02 -2.347686580695196659e-02 -1.644156671142701063e-04 -3.254233885102804564e-04 9.822966612514710209e-04 -6.623209706229549187e-02 -1.128245955138901420e-02 4.389838596552949473e-03 3.721930817753015507e-03 2.581890931910439972e-04 3.746293658652700032e+01 -7.320088061139451430e-01 -2.911052737677061586e+01 1.267811111499790400e+01 -6.010066690002191514e+00 7.086367064939826932e+00 -1.236926154484163476e+01 -2.545957917353561228e+01 7.819102693894213871e+02 6.456435665954455771e+01 -5.455614019759831024e+01 -5.937079612836316045e+01 2.207369315755055433e-02 9.230796240489935137e-04 -1.107752848763503967e-02 3.967948210154074486e-03 -4.600898164634315696e-03 7.492205182918218465e-02
-5.083686211835265929e-03 -6.302205315896655148e-03 -8.964160650466550511e-05 -2.021969653212458441e-04 7.420126437451068186e-04 -2.468065823836325737e-02 -3.997320311981207748e-03 6.613283994204117652e-04 2.793418385339240740e-05 -8.751024815243828244e-06 1.299126598473950400e+00 8.844564969764898699e-01 -2.803447270396764779e+00 -5.267758074093523035e+00 -2.825042695627396072e-01 -1.394696996584147808e+00 3.248141318297539382e+00 4.236641998839372647e+00 6.456435665954455771e+01 6.005166934366565101e+01 4.080688905854839277e+01 1.634501381035896017e+01 8.808525586699283549e-04 3.219699748193955054e-03 -2.230205195256155723e-03 4.652644366263901095e-04 3.280311495175700087e-03 3.333069105588962189e-02
1.730335480791837929e-03 1.594247016322281442e-03 -8.925766411326103208e-07 -5.948601460555972160e-05 3.070207789517526804e-04 -1.045424206870194939e-02 -5.677432478675174202e-04 2.851514855215349039e-04 4.449263482960356779e-04 -3.953432187109068470e-04 -1.383467423076800706e+01 1.757416177946451441e+00 7.833440023609067993e+00 -1.194684606377118818e+01 -6.273064560936372214e-01 -8.570408001268389198e-01 4.941299765409518763e+00 8.527816447768751473e+00 -5.455614019759831024e+01 4.080688905854839277e+01 8.745945437999571936e+01 5.470526422339879957e+01 -3.019543657315513618e-03 2.373402124401253338e-03 1.408073915837431030e-02 1.869004178517206724e-03 7.443948082574708934e-03 8.640797965559364469e-02
3.344371044200613284e-03 4.582949393060187053e-03 -1.927005074624471397e-05 -7.109836685219117341e-06 2.183996355006534917e-04 -4.397719962120748977e-03 -8.508317488459929455e-04 8.727265887461009087e-04 4.483561580611288163e-04 -1.269117498274025717e-03 -5.576651106735796048e+01 7.081445297036900177e-01 5.411989818041075928e+00 -9.323858209501823424e+00 -3.524504178230892237e-01 -9.624818916260063917e-01 6.433998140057787474e+00 3.517910804205364883e+01 -5.937079612836316045e+01 1.634501381035896017e+01 5.470526422339879957e+01 1.047378099521850316e+02 3.560079586544946358e-04 -2.348131976292173236e-03 5.179123500337729467e-03 5.814460845680847860e-03 1.967257762953585412e-02 1.014878767091482864e-01
5.262521678500140856e-06 -2.539087117613941899e-06 6.939780635677548678e-08 5.960235216218872523e-09 5.049868514459963935e-07 1.434324734175746540e-06 1.816600272011627680e-06 3.984362016678873282e-07 2.398393456998843871e-07 3.724767724013578808e-07 1.524596063446642061e-03 -3.454780839255211294e-04 6.369791542171158311e-04 -1.378526442497479557e-03 -1.681973105127121219e-03 6.702232050124378631e-04 1.364997509563180018e-03 3.564326977077832744e-03 2.207369315755055433e-02 8.808525586699291138e-04 -3.019543657315513618e-03 3.560079586544961537e-04 1.484145534468154278e-03 2.559541945981699037e-04 9.956850690116349266e-05 -4.407698861878742028e-04 -1.263747587502948866e-04 -1.025613739359953911e-04
-1.132001026936266300e-05 3.515200814679685937e-06 -1.416445088431783228e-07 -1.109236674298685301e-08 -6.979947783934918420e-07 -2.314939203571725207e-05 -2.318679980005537201e-06 -1.403264601951766660e-06 -5.067152354396227789e-08 1.449733983189405932e-07 3.286702324566532357e-03 1.999924390810439291e-05 1.803546341315913955e-04 -6.524643321923605938e-04 6.014810652840264045e-04 2.151558636293152745e-04 -6.970464939264472894e-06 -1.969486384354548949e-03 9.230796240489924295e-04 3.219699748193955487e-03 2.373402124401252471e-03 -2.348131976292171935e-03 2.559541945981699037e-04 8.699193346971159733e-04 1.464004901468457260e-05 7.341346504532315345e-04 1.071704651738740352e-04 -8.037151653041112046e-04
-4.414611467934716352e-06 -3.790862614554916382e-06 3.430491068501283540e-07 -1.149555283508372142e-08 1.196294047478518760e-06 -6.140014408873172469e-05 -3.613958633944531324e-06 4.998196824828604451e-07 1.102295095505815160e-06 7.395368594181532245e-07 2.505522931996564170e-03 -3.347122866295009261e-04 4.784650701587239360e-03 -3.427730960339569078e-03 -6.176243621251884723e-05 -8.801276143618545463e-04 -4.427960076885906161e-04 5.097282088563579935e-03 -1.107752848763504140e-02 -2.230205195256156590e-03 1.408073915837431030e-02 5.179123500337729467e-03 9.956850690116349266e-05 1.464004901468457260e-05 6.938971663030289033e-03 -2.687389435846131961e-04 4.029647101286894261e-04 3.754892924096440987e-03
-2.266530039876989920e-05 1.638201469875293540e-06 -3.793678578685726743e-07 -2.710187965239823907e-07 -3.084056051640232042e-07 -4.507357600468022557e-05 -6.175928189719207314e-06 -3.099019132465970870e-06 -3.251427821672457474e-07 -4.292773526958807842e-07 -2.433262995193101377e-03 8.938652681847415390e-05 -7.314066992166886553e-04 1.131393551407252826e-03 -8.973604776138199542e-04 1.473347533286524817e-03 -1.112685250752082919e-03 -2.023772639954342194e-03 3.967948210154071016e-03 4.652644366263905974e-04 1.869004178517206290e-03 5.814460845680844391e-03 -4.407698861878742028e-04 7.341346504532315345e-04 -2.687389435846131961e-04 2.957218591722963336e-03 6.797465329897268505e-04 -9.371991733530135810e-04
-6.289665959416109989e-06 -5.689328903078679430e-06 -3.659856466033930177e-07 -4.031059492064742172e-07 1.128239999705881041e-06 -1.242133856371765142e-04 -2.861467701588551193e-06 -2.448704744971759614e-06 -6.789758807550437326e-07 -1.527129445507612593e-06 -4.956982737936699995e-03 2.533657797269081731e-04 -2.152490858837483728e-03 -3.985434543554184782e-04 -5.963481276699911324e-04 2.239528063948463890e-03 -4.467905979351950545e-03 -1.104188059347735971e-02 -4.600898164634313094e-03 3.280311495175699220e-03 7.443948082574708934e-03 1.967257762953585412e-02 -1.263747587502948595e-04 1.071704651738740352e-04 4.029647101286895346e-04 6.797465329897268505e-04 6.462981732139834457e-03 8.192801540736807317e-03
3.250880888401390232e-05 -2.387394710446799588e-05 -1.264616247663879326e-06 -1.074948490284076218e-06 8.096454943620514353e-06 -3.848548502782097778e-04 2.821963524617378251e-06 1.143753516330570176e-06 9.928987561128105917e-07 -8.319704952480447579e-07 -2.439541084694742470e-02 7.156135064406300272e-04 5.699820341692939107e-03 -2.082686316704546875e-02 2.260924367181460677e-03 4.323175535153569310e-03 1.467989695356600914e-03 1.270260307053990706e-02 7.492205182918218465e-02 3.333069105588962189e-02 8.640797965559364469e-02 1.014878767091482725e-01 -1.025613739359954182e-04 -8.037151653041110962e-04 3.754892924096440987e-03 -9.371991733530134726e-04 8.192801540736807317e-03 7.144540396841815577e-02
